Index,Frequency (Hz),Z' (Ω),-Z'' (Ω),Z (Ω),-Phase (°)
1,1000000,37.3854269430671,4.86315053337028,37.7004029265687,7.41150124626606
2,794330,38.0115216648557,7.32220214368234,38.7103400076871,10.9033963668503
3,630960,38.7244499702502,9.59711663935721,39.8959606136741,13.9192161142656
4,501190,39.3920125930357,12.0349821323853,41.1894580087759,16.9888728390416
5,398110,40.0763916626357,14.8832472936752,42.7507686328757,20.3735837588486
6,316230,40.7924497475436,18.328266442563,44.7207927836197,24.1946391965625
7,251190,41.603970676706,22.5567858152505,47.3254578676561,28.4656050793529
8,199530,42.6332680412516,27.7673580156668,50.8784995361245,33.0764911889815
9,158490,43.9993888945927,34.1866311421077,55.7195833791328,37.8464808270394
10,125890,45.795773980668,42.0220840757639,62.1539094873283,42.5394120263966
11,100000,48.1995260812276,51.558123110629,70.5792772217576,46.9282809665157
12,79433,51.4496372366008,63.1070239164164,81.4221200864051,50.81046771061
13,63096,55.7385233366287,76.9725424068473,95.0344951495077,54.0903815501247
14,50119,61.4506245052718,93.5706149565097,111.944804414619,56.7058953583476
15,39811,68.8127492968129,113.185562609116,132.46194188871,58.7019039351048
16,31623,78.8387609391797,135.74166564856,156.975635114086,59.8519796934594
17,25119,90.8194142343454,162.559442855181,186.208857102063,60.8085916969778
18,19953,105.76272511702,193.524495144996,220.539076458808,61.3430334090836
19,15849,124.009642052872,228.842617952323,260.28318254039,61.5467694809859
20,12589,145.608517923504,268.77906049313,305.686152534669,61.5537982502972
21,10000,170.039758939927,313.865263241687,356.966277244955,61.5529209341651
22,7943.3,196.183312583615,365.130327459209,414.497343980332,61.7510093558366
23,6309.6,222.451777070346,424.699521049288,479.431409381206,62.355070232713
24,5011.9,247.885264801951,496.869163804702,555.27116839065,63.4856462217887
25,3981.1,271.754094976103,586.345717572406,646.259691340703,65.133656248773
26,3162.3,294.22377569487,698.983615805712,758.383626767464,67.1722723426425
27,2511.9,316.164107113361,842.195443970227,899.584853402388,69.4236298737224
28,1995.3,338.903156444436,1023.46149393901,1078.11352789207,71.6785241510031
29,1584.9,363.382967115567,1252.66175707209,1304.30389803168,73.823155469415
30,1258.9,391.733149653489,1541.48467201213,1590.48101358859,75.7414136779831
31,1000,425.144608953209,1903.34941959565,1950.25304809326,77.4087272705831
32,794.33,465.568272394361,2354.4537511294,2400.04297512932,78.8146626790698
33,630.96,516.805723880536,2920.63974713086,2966.01157933618,79.965411834378
34,501.19,579.377244356704,3623.43978600783,3669.46779166991,80.9154758981834
35,398.11,658.382990231458,4500.80824376499,4548.70783948244,81.6777381275909
36,316.23,756.776258318556,5591.85773820255,5642.83468386682,82.2926804838215
37,251.19,881.221203208692,6950.07869211787,7005.72227793933,82.7738562315452
38,199.53,1035.53994670197,8631.7007588483,8693.59539957536,83.1589550497419
39,158.49,1232.54135948818,10739.3935299779,10809.8904524783,83.4529091486172
40,125.89,1503.72907836342,13355.7455955171,13440.1317535689,83.5760970788452
41,100,1758.03496972548,16609.7596573866,16702.5388139326,83.9581097076556
42,79.433,2193.99176896702,20578.9841710792,20695.6079735731,83.9144996755073
43,63.096,2468.67730814508,25243.2980408419,25363.7233786864,84.41450012783
44,50.119,3688.75314981665,31303.751137934,31520.3384357781,83.2794056552718
45,39.811,3995.63582377744,39454.7921706566,39656.5975704669,84.2173003058188
46,31.623,5291.57737106918,49392.4278942958,49675.0714580988,83.8850337026815
47,25.119,6168.25027966021,60395.709461294,60709.8759086656,84.1685665818618
48,19.953,7692.20755408428,75430.3834235403,75821.5853202597,84.1772441362002
49,15.849,8028.47315007325,95202.1239989503,95540.0481213661,85.1796054063062
50,12.589,11618.6669915063,114500.092509427,115088.073262727,84.205858477764
51,10,14802.8454617528,144023.290749106,144782.01722578,84.1316936201462
52,7.9433,25039.262339352,180992.659497459,182716.467376266,82.1234642616429
53,6.3096,20977.7015209275,213890.704142047,214916.954378852,84.3985315414237
54,5.0119,29694.2664734292,274881.072501242,276480.294923215,83.8344825181465
55,3.9811,36231.7294632154,339924.704397215,341850.176070497,83.9159559322129
56,3.1623,46117.3087673439,424251.989490419,426751.164912905,83.7961567364883
57,2.5119,57887.5672771325,526067.859152906,529243.198235921,83.7205382363286
58,1.9953,69188.5647021937,649604.643600668,653278.845879078,83.9204193763665
59,1.5849,78352.2121064177,805722.103970524,809522.808800751,84.4457525961542
60,1.2589,117928.554966898,997698.327491324,1004643.76609601,83.2588818134311
61,1,142478.133645008,1242642.78875313,1250784.20161398,83.4591802972049
