Index,Frequency (Hz),Z' (Ω),-Z'' (Ω),Z (Ω),-Phase (°)
1,1000000,35.5501548527528,3.29823699483712,35.7028273016132,5.30055742398474
2,794330,36.1694436789245,5.4146089652013,36.5724848251924,8.51402137776321
3,630960,36.8840485952511,7.2668551788094,37.593087462546,11.1456044133231
4,501190,37.517544678884,9.16533148648331,38.6208423003587,13.7281636502652
5,398110,38.114146038084,11.3238468187884,39.7607549599826,16.5468696558865
6,316230,38.7200870576092,13.9035821454969,41.1406701236795,19.7521632525397
7,251190,39.4190349615519,17.0723368244188,42.9572462099988,23.4173785747601
8,199530,40.2395525672301,20.9485846604435,45.3658989780501,27.5013437225779
9,158490,41.3453131951174,25.7392115458276,48.7025865247752,31.9040156807389
10,125890,42.728509742231,31.573449881616,53.1282249112358,36.4618695435064
11,100000,44.5560956148427,38.6803137524671,59.0034942052444,40.9621040262295
12,79433,46.9667987267903,47.2731740743184,66.6380759754035,45.1862686500809
13,63096,50.1659189725136,57.6440646539497,76.4163439074752,48.9679163017049
14,50119,54.3569947105785,70.0508377639852,88.6668074614285,52.1897906524069
15,39811,59.7924947431925,84.7885204186367,103.750834321447,54.8086764007389
16,31623,66.8307137515012,102.197272555086,122.109077542309,56.8177888447014
17,25119,76.1182494421694,122.179797421235,143.951001372114,58.0770141822143
18,19953,87.2722000542385,145.803139720139,169.926432477579,59.0968692218213
19,15849,101.144995630126,173.130132854028,200.51023176654,59.70594226826
20,12589,118.077524466394,204.272532548561,235.943996189593,59.9704056465928
21,10000,138.197617884461,239.432072872813,276.453068547107,60.0069198950133
22,7943.3,161.260838054699,278.945523434212,322.204380687306,59.967418903885
23,6309.6,186.607255453476,323.638140582985,373.582539511539,60.0325826005898
24,5011.9,212.878501494768,374.92704034638,431.146775450721,60.412675796582
25,3981.1,238.929077592468,435.674129480014,496.889375230901,61.2590918950524
26,3162.3,264.041908882652,509.869590715121,574.182139379483,62.6220934781652
27,2511.9,288.115652892337,602.847678913031,668.158628929094,64.4557235282886
28,1995.3,311.451341420445,720.085645163443,784.554188340772,66.6105590609987
29,1584.9,335.272961811511,868.948785587576,931.386037524713,68.9015191162121
30,1258.9,360.700515535858,1056.61985310192,1116.49020411151,71.1515280783815
31,1000,388.914661607527,1292.5380458008,1349.78117258163,73.2538670083565
32,794.33,422.174558147289,1588.35750606688,1643.50568134882,75.115318603023
33,630.96,462.911780153847,1959.71744714585,2013.64837766007,76.7095752239564
34,501.19,512.527796640714,2422.73579244708,2476.35487407067,78.0552343968219
35,398.11,573.681725483764,2996.98335278539,3051.39639165854,79.1635434261188
36,316.23,650.251995147509,3713.13734265662,3769.6440923016,80.066972896389
37,251.19,745.561166423471,4602.4799202124,4662.47604485396,80.7985190978973
38,199.53,865.431114862317,5704.75571652281,5770.02675901694,81.373805603876
39,158.49,1014.4228977039,7073.36090564392,7145.73217500333,81.8386015461719
40,125.89,1206.66789320517,8765.21209179518,8847.88056082611,82.1616134253929
41,100,1432.85839548017,10875.7507172061,10969.7327608428,82.4946214581336
42,79.433,1735.33414925352,13492.5295672413,13603.6663709622,82.6711689930868
43,63.096,2093.52036639856,16616.1387643478,16747.5041412321,82.8189602636407
44,50.119,2701.28076818078,20625.2966289976,20801.4369412953,82.5384805386746
45,39.811,3122.92989331362,25745.6065640685,25934.3198960443,83.0838374750298
46,31.623,3912.67596953802,31860.8524393833,32100.2017346738,82.9988392607213
47,25.119,4622.81296752619,39427.3021937224,39697.3872944787,83.3126582229505
48,19.953,5811.24446023012,49104.5064241669,49447.1749783302,83.2507558601842
49,15.849,7770.13316563638,60695.8098685676,61191.1456422662,82.7048103766142
50,12.589,8559.1018722811,74708.2153490958,75196.9126062165,83.4642856927703
51,10,11134.146273235,93432.4293276527,94093.5070198821,83.2042303092282
52,7.9433,14768.366593297,117245.308135691,118171.768759155,82.8207613379771
53,6.3096,15816.1132819892,142076.688473739,142954.310347791,83.6479317285333
54,5.0119,21575.8320896204,176641.113435141,177953.925177181,83.0361016337093
55,3.9811,27285.197861104,219702.197755741,221390.012694843,82.9205856972806
56,3.1623,33675.2612692269,270980.943751921,273065.367811872,82.9160741324995
57,2.5119,42174.6639265569,335752.832348786,338391.29230456,82.8404474034265
58,1.9953,52139.7752020295,414039.97113165,417310.021270536,82.8225622848719
59,1.5849,64868.1493228165,516051.135182455,520112.152251481,82.8354400307195
60,1.2589,94134.7025936156,630391.767309394,637381.457624749,81.5069326628271
61,1,104760.387801952,790317.969616425,797230.97779191,82.4491923589522
