Index,Frequency (Hz),Z' (Ω),-Z'' (Ω),Z (Ω),-Phase (°)
1,1000000,38.2945121620292,5.07642333527374,38.6295189668046,7.5512553380821
2,794330,38.9020367547699,7.57765824625605,39.633185188255,11.0225185839893
3,630960,39.6165060022806,9.90163639025882,40.8351558223258,14.0328539141165
4,501190,40.2919618992777,12.402950870673,42.1577440572094,17.1097748133758
5,398110,40.9606751023519,15.3248280112061,43.7335941629942,20.5125894160279
6,316230,41.6405080345943,18.8706308145194,45.7168745291823,24.3790663382485
7,251190,42.4336094715732,23.2363549115406,48.3791215542518,28.7048121033636
8,199530,43.4240985302202,28.6336248932667,52.0147748980093,33.4006506325939
9,158490,44.7215818431595,35.2917269524621,56.9695170581738,38.2784922190753
10,125890,46.4102788895364,43.4477665310301,63.5737556161302,43.1117105853563
11,100000,48.6708706182032,53.4241604692341,72.2702882834734,47.6656236113016
12,79433,51.7150740597103,65.5687870059004,83.5087702844824,51.7366319711607
13,63096,55.7167269925844,80.2071662954967,97.6603460567269,55.2138291580897
14,50119,61.0376893986293,97.8542165955721,115.330166186721,58.0456746918199
15,39811,67.966622254883,118.92580020371,136.97739848176,60.2518420944391
16,31623,77.5279986156356,143.483870832548,163.089582004606,61.6165150405852
17,25119,88.7245910817599,172.716143541644,194.172395830415,62.8103534090378
18,19953,102.880030595427,206.960544791318,231.121110666324,63.5680416458297
19,15849,120.355769808298,246.857333105864,274.634401039432,64.0083623137564
20,12589,141.115683379058,292.513261180703,324.773219434898,64.2461808168787
21,10000,164.938621283189,344.971401061724,382.374183675216,64.4464829373441
22,7943.3,190.827011477217,405.610853899326,448.257864526956,64.8045068521371
23,6309.6,217.482970922511,477.109640634172,524.340015474072,65.4948711310248
24,5011.9,243.654557459716,563.412758819093,613.841575792184,66.6133561198162
25,3981.1,268.662369396386,670.031863113354,721.887918112523,68.1507180170119
26,3162.3,292.589414292633,803.5469591282,855.158629074328,69.992303863783
27,2511.9,316.72296150333,972.077871194165,1022.37411059202,71.9533252616637
28,1995.3,341.14986024245,1186.04303575712,1234.1318040677,73.9528067332662
29,1584.9,367.717614251224,1455.08110197079,1500.82552521709,75.8175614289774
30,1258.9,398.12977091271,1792.17361170474,1835.86316728067,77.4751843016485
31,1000,433.882322023524,2215.73049567719,2257.81210441401,78.920586901666
32,794.33,478.153164332676,2746.54316441782,2787.85397798587,80.1242010002145
33,630.96,532.16899389334,3409.34047924237,3450.62405101773,81.128207254304
34,501.19,598.962397122893,4233.52522020424,4275.68611374509,81.947195786221
35,398.11,684.259703947083,5266.54539488109,5310.81083628375,82.5972730946863
36,316.23,789.985098405901,6547.9570697163,6595.43920012542,83.1207394023777
37,251.19,921.317318971598,8146.84869836595,8198.77852587225,83.5479014968219
38,199.53,1088.02430360179,10146.0966119914,10204.2674085449,83.8792343889282
39,158.49,1298.56692657042,12624.7928941082,12691.4014861208,84.1272962713517
40,125.89,1575.30167491037,15737.6326286236,15816.2782006544,84.283861495123
41,100,1908.81042328772,19492.3102910817,19585.5486958079,84.4070669931237
42,79.433,2316.56099337811,24331.4824164426,24441.5116434663,84.561355298719
43,63.096,2632.23930721784,29706.3027094372,29822.6944529695,84.9363156508275
44,50.119,3355.50193819705,36747.3734442913,36900.2553962903,84.7826363016034
45,39.811,4394.54236067071,46745.2203056612,46951.3325048878,84.6293787988376
46,31.623,4836.0346304609,58353.4586356044,58553.508568524,85.2624468040674
47,25.119,7359.68788790929,72027.4602590573,72402.4864019014,84.1658270299484
48,19.953,8358.12563561701,89699.0697916537,90087.6317017421,84.6765720583203
49,15.849,9633.02391295702,110527.868606929,110946.856145175,85.0189895496106
50,12.589,15043.442701591,136371.201867684,137198.432451514,83.7050135251075
51,10,16176.1088027151,171693.081579221,172453.416197437,84.6177507604647
52,7.9433,15209.222740916,207673.070754512,208229.260126888,85.8113428787132
53,6.3096,20104.2383565537,261839.996514587,262610.670336634,85.609408665301
54,5.0119,32785.6870078847,328331.90158397,329964.753981883,84.2976144743317
55,3.9811,42577.9721862282,412094.237158712,414287.996464913,84.1010764052412
56,3.1623,52289.51862305,513158.538094286,515815.741303903,84.1817908031638
57,2.5119,72408.0271781425,628029.453494922,632189.779146232,83.4231791193044
58,1.9953,82317.4160222127,784218.956196106,788527.442919956,84.0077551700065
59,1.5849,90014.0448324818,964871.374301656,969061.038951557,84.6702321948349
60,1.2589,95787.3846930344,1201824.45584455,1205635.61897133,85.4430649839734
61,1,165729.007918227,1489519.54199821,1498710.96948681,83.6511893225362
