Index,Frequency (Hz),Z' (Ω),-Z'' (Ω),Z (Ω),-Phase (°)
1,1000000,37.5568440064786,5.80362760574282,38.0026133984639,8.78438695864759
2,794330,38.2290809810872,8.46822816460573,39.1557597411459,12.4900640696209
3,630960,39.038992497887,10.9943186547844,40.5575884136744,15.7284956750778
4,501190,39.8320423780536,13.7345782517007,42.133481220511,19.0248234094682
5,398110,40.6581137516177,16.9367168171018,44.0446885603949,22.6148649641751
6,316230,41.5431210098758,20.7886158622792,46.4542511801728,26.5838661238041
7,251190,42.6225237378472,25.5028669686366,49.6696663307026,30.893875798939
8,199530,44.0043622956331,31.2863775727824,53.9927895433459,35.4122007584487
9,158490,45.7555373907593,38.3016464087624,59.6706403479888,39.9324699314508
10,125890,48.1185602926511,46.8517461464825,67.1601218105799,44.2357737668705
11,100000,51.2532935053921,57.2010122954139,76.8040096789872,48.1390009334839
12,79433,55.3533586609853,69.5593179783456,88.8959674713328,51.4882074643104
13,63096,60.6792208798969,84.2372796808986,103.816603366847,54.2334020999568
14,50119,67.6502724371214,101.669701222832,122.119971780035,56.3604975308396
15,39811,77.1546865212668,121.548762242719,143.968563425951,57.5941208431274
16,31623,88.3998459194358,145.294929184906,170.073952166188,58.6829749352995
17,25119,102.455068223902,172.648945197576,200.760303054662,59.3138339323691
18,19953,119.817113670436,203.8961844338,236.494809150172,59.5598933676921
19,15849,140.57665946973,238.894848635164,277.18684292745,59.5254972788786
20,12589,164.739143588932,278.004762389321,323.149552593776,59.350006134735
21,10000,191.547915620172,321.626736535531,374.345243903176,59.2236774148554
22,7943.3,219.765964655284,371.094565914807,431.286744605449,59.3655525686898
23,6309.6,248.092909004689,428.782359885763,495.383087769065,59.946382340266
24,5011.9,275.453657505807,498.52107246906,569.559458817978,61.0775212759582
25,3981.1,301.223031687949,585.033416431752,658.026909146645,62.7568876005729
26,3162.3,325.676361149551,694.032274344486,766.64587003609,64.8615663589619
27,2511.9,349.829509963665,832.560144532594,903.070916542855,67.208571365046
28,1995.3,375.019539958418,1008.07241331689,1075.56945189103,69.5939700524289
29,1584.9,402.417406779267,1229.89770881572,1294.05878669754,71.8821192668844
30,1258.9,433.21019430336,1507.41518390284,1568.42966342428,73.9660838079066
31,1000,470.976641861702,1855.87098628823,1914.70000650905,75.760283007048
32,794.33,516.538433324305,2290.80366203689,2348.31713597264,77.2932514548203
33,630.96,573.065917025593,2835.39791072698,2892.72982793266,78.5737997420145
34,501.19,643.79111781726,3511.51714802071,3570.04477342007,79.6109373775619
35,398.11,730.240209963,4348.84309090776,4409.72640801932,80.4680466629458
36,316.23,838.790796187994,5395.82196985848,5460.62860210957,81.1639840463628
37,251.19,974.006647642364,6687.48365398574,6758.04162253962,81.7133534290869
38,199.53,1142.51071067477,8291.90152778202,8370.24262912613,82.1548228167369
39,158.49,1354.46933799476,10298.4908288283,10387.1796238935,82.5073976770745
40,125.89,1637.31211313113,12764.1355562982,12868.7197286818,82.6903344504515
41,100,1923.55482939902,15865.613870794,15981.7948516065,83.0871709047838
42,79.433,2394.33501113359,19626.4620930571,19771.9714352349,83.0445571512739
43,63.096,2402.4361052204,24166.2673967081,24285.3902404071,84.3227202423095
44,50.119,3764.22626017718,29356.6588093409,29597.0068720785,82.6931804415976
45,39.811,4298.78784647776,37453.4727104954,37699.3659764306,83.4524282866214
46,31.623,6387.09280413617,46303.1679129416,46741.6122236141,82.1461415324151
47,25.119,7102.81543698698,56088.2244362402,56536.1734426902,82.7826813127614
48,19.953,8187.14751472739,71080.3564635553,71550.3071930092,83.4295360361034
49,15.849,13411.9532235598,87140.3227992053,88166.4128045405,81.2501446792157
50,12.589,14007.3641922993,105281.827289775,106209.55422696,82.4215122374243
51,10,15325.8789436768,135081.309213511,135947.941007697,83.527089510675
52,7.9433,14708.1642361284,165847.645177499,166498.563075237,84.931994457518
53,6.3096,14799.7764102911,209382.830945247,209905.224509636,85.9568949482137
54,5.0119,29360.6073568894,255405.719946123,257087.780817297,83.4422502260575
55,3.9811,37340.5477245776,317194.639910981,319384.965351578,83.2859707359823
56,3.1623,43151.8782316085,392498.201678379,394863.169864799,83.7260078982971
57,2.5119,59142.2218059732,485649.964624907,489237.86703435,83.0567359677327
58,1.9953,72689.9828686391,604700.360635637,609053.659181449,83.1454634073951
59,1.5849,93067.7219966534,749239.428703008,754997.56449995,82.9192018811957
60,1.2589,148373.564148077,893506.485762053,905741.991207682,80.5716335864555
61,1,140346.149776263,1149809.07609036,1158342.76154202,83.040878995224
