Index,Frequency (Hz),Z' (Ω),-Z'' (Ω),Z (Ω),-Phase (°)
1,1000000,37.8724277257165,4.56796618808554,38.1469146450288,6.87748270159989
2,794330,38.4972535835057,6.98116906674906,39.1251230670432,10.2784342660462
3,630960,39.2009053389258,9.19071506437957,40.2638823610694,13.1947710841765
4,501190,39.8843225488274,11.553409712928,41.5239745348839,16.154873033827
5,398110,40.5480620098355,14.2963523513803,42.9945464368248,19.4215263445012
6,316230,41.2814874475241,17.6247185063518,44.8864334549787,23.1195747998184
7,251190,42.1431119369318,21.7066159541308,47.4048421567764,27.2515978439793
8,199530,43.2769711453768,26.7283488145356,50.8655174147405,31.6999488908598
9,158490,44.7912223085042,32.8798573190079,55.5638246812453,36.2812461303326
10,125890,46.8916831545851,40.3819630959496,61.8832197978792,40.7342211054017
11,100000,49.724208505309,49.4133931640971,70.1012149357561,44.8203673620198
12,79433,53.576855417327,60.1605674756021,80.5591293113055,48.3128800944532
13,63096,58.8117014816399,72.8801526321076,93.6500554129299,51.0976994565504
14,50119,65.7350186161183,87.6655773745442,109.573473655231,53.136027592527
15,39811,74.689884855846,104.611210918528,128.538260255926,54.4740775004674
16,31623,86.5416070036149,123.23427058444,150.585972750609,54.9214447350105
17,25119,100.307680557237,144.316719599154,175.752514447542,55.1986755685145
18,19953,116.754465321506,167.53017906417,204.200798406333,55.1267417276073
19,15849,135.692846952662,192.898478234254,235.843956079459,54.8758454388939
20,12589,156.37530859155,220.396335017205,270.236529037284,54.6435886781932
21,10000,178.298867557803,251.177109748959,308.026665459722,54.6308417529647
22,7943.3,200.223836537164,286.351559586952,349.40921624299,55.0378368614627
23,6309.6,221.654920095055,328.300812352046,396.121606319775,55.9744313000818
24,5011.9,242.17448011415,379.835012698468,450.46988322218,57.4793083709606
25,3981.1,261.922201487585,444.112411963787,515.595843750118,59.4693605078529
26,3162.3,281.630648133541,525.588598702116,596.287847481208,61.8158767138629
27,2511.9,301.736259533241,628.21942217029,696.924969210521,64.3448426488709
28,1995.3,322.589836922124,756.583296017344,822.485554096794,66.907707515684
29,1584.9,344.516445613315,916.539192797068,979.150485487871,69.3993420650164
30,1258.9,368.486568067374,1119.69855013186,1178.77359743653,71.7839120260509
31,1000,394.503167624516,1374.784013467,1430.26704952264,73.9888252559502
32,794.33,423.543074736944,1691.44482467052,1743.66692090614,75.9420197467128
33,630.96,458.588593799151,2091.52238243987,2141.20745716282,77.6329927604943
34,501.19,500.703694707289,2591.49754378988,2639.42488231101,79.0646169324364
35,398.11,551.631748714006,3214.26066949622,3261.25270987385,80.2617611040927
36,316.23,616.54511328818,3995.11194878115,4042.40613496633,81.2270456987501
37,251.19,697.203003847071,4967.71820439111,5016.40470723926,82.0109062793869
38,199.53,796.805570143841,6173.68201972434,6224.88946064746,82.6457817828301
39,158.49,922.514360450154,7682.01580619382,7737.20877266785,83.1522823131747
40,125.89,1073.09366472653,9558.13989373337,9618.18944715967,83.5942192423806
41,100,1277.60768461791,11916.1020277388,11984.3968947659,83.8803014861353
42,79.433,1519.77409956695,14789.6070103636,14867.487643671,84.1329020634282
43,63.096,1768.975937678,18666.0213033189,18749.6567212319,84.5862567714956
44,50.119,1890.27852852273,23019.3543947208,23096.8359232417,85.3055798247562
45,39.811,2796.81922532422,28386.0572513785,28523.5068681549,84.3729277642148
46,31.623,2834.81389890256,35486.3369525995,35599.3859519352,85.432645371475
47,25.119,4923.59356757796,43813.4041330455,44089.1841083986,83.5882054026766
48,19.953,5235.1535289632,54613.1869387824,54863.5308750923,84.5244270252534
49,15.849,5586.11119523333,69016.1138600714,69241.8125891564,85.37261098394
50,12.589,7617.30420666556,82138.3442929952,82490.79298062,84.7016872413909
51,10,10219.9558869801,104345.40190297,104844.696559359,84.4060915128299
52,7.9433,13424.5801224106,129732.379001292,130425.110744818,84.0921157360285
53,6.3096,16291.8006804462,161935.333231878,162752.803104373,84.2549843337757
54,5.0119,19365.0123188008,199558.021701869,200495.40575203,84.4573998559115
55,3.9811,25155.0061655487,248443.842581259,249714.070992666,84.2184897370234
56,3.1623,31309.8481157599,306469.88497163,308065.085628924,84.1667360168054
57,2.5119,41940.4131475697,384974.284372409,387252.111528184,83.7825224802997
58,1.9953,52098.0121242481,474148.094056439,477001.695976704,83.7296597165471
59,1.5849,64342.5230060958,578618.849721659,582185.308574517,83.6547669964666
60,1.2589,67955.4556353564,709115.865984172,712364.552277196,84.5259904153416
61,1,105783.675347764,900901.594665859,907090.882569971,83.3030073510888
