Index,Frequency (Hz),Z' (Ω),-Z'' (Ω),Z (Ω),-Phase (°)
1,1000000,35.5978430073848,3.29525971020975,35.7500372494372,5.28874569411837
2,794330,36.2264190747837,5.42642572948013,36.630581966158,8.51910682572347
3,630960,36.9034297789873,7.28232667142316,37.6150955229674,11.1630196760772
4,501190,37.5189884286293,9.19329450184889,38.6288901795709,13.7679463697758
5,398110,38.1202964351646,11.3740644179414,39.7809796471668,16.6136789824834
6,316230,38.6913806903078,13.9773977031981,41.138675067091,19.8624325189785
7,251190,39.3605041587434,17.183469152949,42.9478858590362,23.5844592526645
8,199530,40.165629026843,21.1262999093705,45.3827974345196,27.7434528674452
9,158490,41.1840480897443,25.9677903759724,48.6872873969049,32.2326736853921
10,125890,42.5070010886462,31.9033663559126,53.1476239016359,36.8898334063524
11,100000,44.2208669520742,39.1352799822156,59.0512930703423,41.5086925016377
12,79433,46.5042911913066,47.9252668657954,66.7793403932949,45.8621216292459
13,63096,49.4987615726421,58.5310421018283,76.655138684574,49.7793357230869
14,50119,53.4658252073572,71.3112024181527,89.1284581681205,53.1391415802939
15,39811,58.6171752211232,86.576640027438,104.553755692201,55.8998261128256
16,31623,65.1913546920611,104.600190740036,123.252231742221,58.0670578200613
17,25119,74.0256053157385,125.619632821341,145.808375591151,59.4898471417032
18,19953,84.5463935642069,150.584994652829,172.696071985747,60.6878378754501
19,15849,97.6150861821515,179.638254895679,204.447077925594,61.4804271818401
20,12589,113.686499808682,213.362838906231,241.760876208033,61.9498910333716
21,10000,132.717255050285,251.749484256608,284.590359308868,62.2027052878112
22,7943.3,154.412538779481,295.423758683429,333.344310476375,62.4047631049216
23,6309.6,178.052049527041,345.567916754481,388.741195952798,62.7404508620045
24,5011.9,202.318669210455,404.26579648483,452.066010797763,63.4138895377961
25,3981.1,225.861533447562,474.619717943862,525.620879486722,64.551206505991
26,3162.3,248.046681792534,561.741086004425,614.068566247872,66.1752987063215
27,2511.9,268.757759724906,671.18331033194,722.992233347282,68.1776617315995
28,1995.3,288.829646585681,810.487316344955,860.414001921666,70.3856910298846
29,1584.9,308.937059577217,986.206077873057,1033.46240125801,72.6064114637379
30,1258.9,330.078706275644,1208.15096490062,1252.42992072487,74.7191506760669
31,1000,354.289881048495,1488.33247018952,1529.91988732541,76.610234366961
32,794.33,382.87188053074,1841.12143491099,1880.51030706823,78.2524439126156
33,630.96,417.171825949428,2282.24595073893,2320.06010957264,79.6412613260555
34,501.19,459.432873990717,2833.19666156033,2870.20589658302,80.7890606034611
35,398.11,512.082010293435,3524.39211628183,3561.39969317903,81.7329723702055
36,316.23,577.406470352344,4384.51791592649,4422.37442863956,82.4977683529108
37,251.19,659.239930981676,5455.40302406712,5495.09048529698,83.1096926003597
38,199.53,759.764650038646,6792.80598423574,6835.16316285992,83.6180818520018
39,158.49,887.371659064067,8457.76134786402,8504.18458635116,84.0105524092351
40,125.89,1047.74410682381,10534.6152570602,10586.5899291354,84.3201965929601
41,100,1246.70798113361,13141.8294198078,13200.8318408178,84.5808173385212
42,79.433,1501.57816104188,16334.5282968261,16403.4006124807,84.7477535187485
43,63.096,1627.08799043965,20376.1108775981,20440.9713522818,85.4344633794283
44,50.119,1931.87188413124,25332.7403749022,25406.295752803,85.6390710984359
45,39.811,2767.89331879694,31526.5826411914,31647.8537417012,84.9825513506883
46,31.623,3169.67160394825,38947.9580523929,39076.7226687171,85.3473952319513
47,25.119,4510.00845306144,49145.5756938271,49352.0798601677,84.7567464361427
48,19.953,5145.58103096782,60806.9425075478,61024.2678060334,85.1630627229164
49,15.849,6108.1347994882,75796.3640068054,76042.0811615573,85.3927117200532
50,12.589,7453.93309983988,93615.048347608,93911.3326270151,85.4475290830952
51,10,9955.42391911699,117292.603582262,117714.337786503,85.1485438738269
52,7.9433,14284.252091498,143693.824270535,144402.060204502,84.3230172040839
53,6.3096,13221.5714949482,181789.504914036,182269.673971526,85.8401957452823
54,5.0119,19735.6513564367,225986.059666312,226846.192601879,85.0089491615374
55,3.9811,25882.6483827803,281274.651583291,282462.990691893,84.7424982615328
56,3.1623,31366.3810643401,349739.107406926,351142.838615379,84.8751343518242
57,2.5119,38678.4720580271,434050.47143698,435770.393619631,84.9077922486878
58,1.9953,52258.8593622308,539560.846878055,542085.690519133,84.4679052134638
59,1.5849,65075.2524918923,667507.087346481,670671.678352878,84.4318316288932
60,1.2589,69048.7013401963,840010.559295339,842843.676421931,85.3008630083249
61,1,101383.954978137,1042414.37761029,1047333.01340866,84.4449537438112
