Index,Frequency (Hz),Z' (Ω),-Z'' (Ω),Z (Ω),-Phase (°)
1,1000000,38.1193087353242,5.01195094849554,38.4473841863018,7.49032059275254
2,794330,38.7317014989067,7.51615608147053,39.4542431588979,10.9821466559367
3,630960,39.4373376210795,9.843951987443,40.6473491063082,14.0152080788605
4,501190,40.1097597541674,12.3547170338976,41.9694157753561,17.120020953038
5,398110,40.7425235364967,15.2833268524002,43.5147481183022,20.5620622383486
6,316230,41.4013128429723,18.8408125879763,45.4867554799956,24.4692214349157
7,251190,42.2001755952556,23.2491996988938,48.180702640263,28.8515385346096
8,199530,43.1650402668051,28.6686865493113,51.8180884411763,33.5907003858054
9,158490,44.4453906758096,35.3640596152219,56.7979706045411,38.5083679920483
10,125890,46.1346243582118,43.5681197189928,63.4553750325518,43.3611451350682
11,100000,48.4415113808146,53.627443530513,72.2667470173935,47.9085900004891
12,79433,51.5025180182689,65.8183944772041,83.5737423703101,51.9570227576324
13,63096,55.6086721146142,80.561821872889,97.8904058517982,55.3842003939386
14,50119,61.0007600959156,98.2316990588196,115.631135219983,58.1601925546418
15,39811,68.057915483304,119.375701914755,137.413383873526,60.3118733805231
16,31623,77.1228903472357,144.278038567626,163.597349087426,61.8735569394033
17,25119,88.715136753263,173.698383198905,195.042312883804,62.9446701952142
18,19953,103.142085630298,207.990023472959,232.159728834373,63.6232239403134
19,15849,120.661406274728,247.795996699696,275.612102318803,64.036766990936
20,12589,141.511684982732,293.485696374205,325.821133389017,64.2577626346597
21,10000,165.541571289864,345.241470587107,382.878159259921,64.382513371057
22,7943.3,190.819180595428,405.800431362699,448.426080616709,64.8157239213016
23,6309.6,216.599989479762,477.634840593005,524.452663632227,65.6064453614666
24,5011.9,241.744878051517,564.84189504487,614.399668344655,66.829714206377
25,3981.1,265.837709226294,673.033627727157,723.63247004143,68.4467587415966
26,3162.3,289.284912964892,809.356644316421,859.502145761278,70.3318017501603
27,2511.9,312.915402280314,981.48899583195,1030.16343262778,72.3168330001192
28,1995.3,337.824580936327,1198.37084736596,1245.07756196207,74.2566857013454
29,1584.9,365.292253114429,1471.44844223294,1516.11310538995,76.0579749461161
30,1258.9,397.580901791758,1814.50378602127,1857.55068920207,77.6410796930506
31,1000,435.970297289261,2242.69284848427,2284.67531889347,78.9991391712691
32,794.33,483.513933172213,2780.06414778367,2821.79772297091,80.1337026248042
33,630.96,542.139420307138,3447.34619291009,3489.71502057441,81.0627017054566
34,501.19,615.608598527537,4277.56535705324,4321.63618672871,81.8104714448364
35,398.11,706.696055228176,5313.23291554285,5360.0245642425,82.4237401611186
36,316.23,820.490657683888,6602.7463087212,6653.53017102034,82.9164485974978
37,251.19,967.718263302487,8201.87638010994,8258.76835803829,83.2709287154401
38,199.53,1142.44804539449,10212.7283361334,10276.4297109496,83.6171373106103
39,158.49,1364.6496515172,12682.4994484838,12755.7069946036,83.858545831414
40,125.89,1638.61139962364,15798.1475165493,15882.899995707,84.0783566986843
41,100,1980.61337100161,19528.8542653258,19629.0340628805,84.2088725722739
42,79.433,2474.20428808236,24299.8886480899,24425.5250745758,84.1862039250524
43,63.096,2454.43667760419,29926.3789008648,30026.8615330089,85.311333460455
44,50.119,3173.91969409102,36784.1522078193,36920.8290788893,85.0684494545726
45,39.811,4552.63027218686,46669.1493571352,46890.6807810872,84.4283585377488
46,31.623,6843.38621971827,57727.0023922875,58131.2200125835,83.2392868411829
47,25.119,7072.63992601979,73489.8333825891,73829.3833519138,84.5028011672308
48,19.953,8770.75482988877,89224.367548766,89654.413749482,84.3858617651954
49,15.849,7926.91383763864,108683.524106668,108972.218364288,85.8284761300596
50,12.589,9184.84544260506,135076.679508282,135388.591590235,86.1100312954516
51,10,17091.6002439145,170413.773909907,171268.727843453,84.272688826384
52,7.9433,16257.5851565423,211364.329515338,211988.652683559,85.6016205617057
53,6.3096,25211.0677624453,264150.660197079,265351.030185065,84.5480902272174
54,5.0119,32764.2391888635,327020.689451722,328657.917444726,84.2786223524682
55,3.9811,43261.0811941802,409293.641669788,411573.573322445,83.9664142357106
56,3.1623,51386.7075567114,501818.15955315,504442.324721895,84.1532314143835
57,2.5119,69782.5386730388,631118.657631895,634964.851558525,83.6904579017121
58,1.9953,80004.839630398,771412.34372745,775549.984475123,84.0788999894056
59,1.5849,107145.732974183,975583.029894996,981449.16134952,83.7324735678513
60,1.2589,126921.277170214,1144844.05133303,1151858.02617821,83.6738296797191
61,1,173006.334224891,1476722.02696828,1486821.82409838,83.317935845562
