Index,Frequency (Hz),Z' (Ω),-Z'' (Ω),Z (Ω),-Phase (°)
1,1000000,37.684601478387,5.28303316753332,38.0531158781262,7.98033011820109
2,794330,38.355035594819,7.81398277643817,39.1429059001794,11.5151507004197
3,630960,39.11845267029,10.1725659407381,40.4194809112683,14.5766420841952
4,501190,39.8544860764592,12.7096433910684,41.8319865120796,17.6875446912515
5,398110,40.6137375066796,15.6685356147643,43.5313528686235,21.0963144139385
6,316230,41.4192189101578,19.2352807377769,45.6677974089912,24.9103778909893
7,251190,42.3668873379588,23.613804038792,48.503246117036,29.1337488302656
8,199530,43.5651404761283,28.9824933762789,52.3250072815174,33.6345513077296
9,158490,45.1373851482321,35.5684475641563,57.467364652853,38.2382572106876
10,125890,47.1877103259505,43.5704249859874,64.2266450880425,42.7176090759677
11,100000,49.9203641650291,53.2387070327922,72.9822080023111,46.8424119465528
12,79433,53.51306794123,64.8595578913598,84.0857341666549,50.4753016663366
13,63096,58.277647706441,78.8224185648686,98.0268223019159,53.5224933938909
14,50119,64.5260674232529,95.4151275324224,115.185328662719,55.9308223834546
15,39811,72.592728430257,114.975026874779,135.974118955797,57.7325775965997
16,31623,83.4465636223373,137.280705227589,160.652796452975,58.7065254804304
17,25119,96.4576961368946,163.764831001606,190.060535138208,59.5018601621256
18,19953,112.654463929564,194.107664939372,224.429975340802,59.8703624890875
19,15849,132.383032178909,228.315767329204,263.919224044034,59.893799834536
20,12589,155.956451356621,266.78462827212,309.02500319884,59.6903788669457
21,10000,182.844139719714,309.316935627242,359.317333419458,59.4117193763699
22,7943.3,212.201250472405,356.902305455537,415.221177616857,59.2658087995011
23,6309.6,242.619385467696,411.290674044774,477.518779485086,59.4637470537102
24,5011.9,272.317479350631,475.150605205833,547.654003169292,60.1821912462294
25,3981.1,300.448406329263,553.166058843933,629.493394343994,61.4917018003248
26,3162.3,326.856058675185,650.855795406542,728.318714236397,63.3344586624081
27,2511.9,351.949988360095,774.879991877987,851.062745113132,65.5724821046168
28,1995.3,376.41404964429,932.224111608466,1005.3503523816,68.0120974089854
29,1584.9,401.828274768684,1131.9438597137,1201.15064165454,70.4556679041135
30,1258.9,429.877778619513,1384.2452026875,1449.45841117094,72.7478021940367
31,1000,462.637463116862,1703.26395794933,1764.97635472219,74.8040446906701
32,794.33,500.692726115069,2099.8749160264,2158.74219603486,76.5888474347825
33,630.96,547.579741845206,2596.26534843537,2653.38224407368,78.0902631459174
34,501.19,604.817653824849,3218.7345449526,3275.0658718947,79.3579066408982
35,398.11,677.061625475101,3993.00591322537,4050.00107009168,80.3763532905121
36,316.23,767.375308177003,4957.59199638639,5016.63066870924,81.2011341077825
37,251.19,879.032093553321,6163.39359640949,6225.7624469424,81.8831325511722
38,199.53,1018.06174316105,7637.29092069616,7704.84667726984,82.4071530631645
39,158.49,1187.31032137284,9503.37861565451,9577.26009418758,82.8786166899659
40,125.89,1441.4937765199,11781.7484254546,11869.6040485118,83.0245450584671
41,100,1577.20194191285,14656.4563612706,14741.0745549775,83.857956308189
42,79.433,2113.29731687315,18256.5995286647,18378.5051595483,83.3970992114262
43,63.096,1473.28994043588,22098.290265764,22147.347830351,86.1857429535551
44,50.119,2508.37467306646,29599.8550322588,29705.9482499922,85.1561680154349
45,39.811,3667.56594706693,34767.1654963981,34960.0748945139,83.9781760976503
46,31.623,3168.81909419367,44241.0794805991,44354.4194873567,85.9031192655654
47,25.119,4045.44556171571,52434.6652517582,52590.491059285,85.5882488934099
48,19.953,7021.0125698087,66894.677395046,67262.1177282777,84.0083880395614
49,15.849,9662.26767404151,85541.3739397296,86085.3417958103,83.5555093166534
50,12.589,9667.22734554522,100239.607931835,100704.688485087,84.4913629672096
51,10,13153.8763313717,127339.177200323,128016.75871774,84.1023806923048
52,7.9433,26781.2455718525,151934.631412315,154276.917705715,80.0032657890391
53,6.3096,21367.9710115603,194620.050574246,195789.566296759,83.7344051393474
54,5.0119,26158.0947195239,243189.172620362,244591.945082277,83.8607127865201
55,3.9811,38547.6578911146,307751.836852999,310156.597568527,82.8605615078855
56,3.1623,40636.3846199448,376409.034477585,378596.192520907,83.8383235259322
57,2.5119,40719.1223071523,471895.089864113,473648.627950429,85.0682486991699
58,1.9953,62453.0057606669,563336.611844848,566787.893460486,83.6738691827644
59,1.5849,99395.472640465,730295.037736708,737028.019904455,82.2494854474101
60,1.2589,159042.332229886,912945.204223971,926694.88471485,80.1177918281419
61,1,125833.686608454,1106806.83661659,1113936.93280486,83.5138505944839
