Index,Frequency (Hz),Z' (Ω),-Z'' (Ω),Z (Ω),-Phase (°)
1,1000000,35.6867579502708,3.59913069071687,35.8677910489353,5.75900084129049
2,794330,36.3586924607638,5.77833415470409,36.8149923680532,9.03025583349477
3,630960,37.0691450360502,7.69449068654469,37.859301375343,11.7264375625388
4,501190,37.7360952113637,9.67430481442814,38.956450755216,14.3790908393672
5,398110,38.3764148214389,11.9277956258762,40.1873303796088,17.2657972679248
6,316230,39.0586972569894,14.6418475603079,41.7128940663729,20.54940381983
7,251190,39.7900574856347,17.9347653541822,43.6452114557793,24.2627489607743
8,199530,40.7063499675334,21.9874734496756,46.2650615084375,28.3756329267547
9,158490,41.8652036992721,26.9491259884151,49.7890617738577,32.7698621616163
10,125890,43.355837971477,32.9976316777856,54.484606840389,37.2743474111284
11,100000,45.2955262738718,40.3574409084023,60.6663641328718,41.700422461628
12,79433,47.8274983617954,49.2395259882096,68.6440129879592,45.8334191563298
13,63096,51.1373805403696,59.9376820432319,78.7880537724225,49.5299913241563
14,50119,55.4649780958941,72.7866394423591,91.5109757159763,52.6918230289235
15,39811,61.0249874044649,88.026047013185,107.110382505538,55.267956170729
16,31623,68.1112559928911,106.038698765618,126.02915864527,57.2863723576962
17,25119,77.4555415872024,126.801831795627,148.586895348457,58.5817749513608
18,19953,88.6391492920935,151.471492735545,175.500746148728,59.6643837857897
19,15849,102.418639963415,180.072550565434,207.161051549504,60.3703741741776
20,12589,119.120884828523,212.942133142506,243.996182899674,60.7771344600818
21,10000,138.943298548467,250.478943297746,286.434881337947,60.9824081557022
22,7943.3,161.55733577871,293.08515977704,334.663537938401,61.1351273166121
23,6309.6,186.443063223986,341.858144094294,389.394409959797,61.3927716748052
24,5011.9,212.48473419184,398.634782549987,451.729401437688,61.9409968856547
25,3981.1,238.498011948706,466.101233977982,523.575841707085,62.9017573941701
26,3162.3,264.076011375788,549.101780840674,609.301982194826,64.3160000641511
27,2511.9,288.566263821689,652.219194013848,713.204294473949,66.1336021149261
28,1995.3,312.690314387556,782.229772983258,842.412399275573,68.2113210947753
29,1584.9,337.455232445901,946.54916881946,1004.90365851555,70.3782875391872
30,1258.9,364.272600168821,1154.3064789331,1210.42057754348,72.4855011169794
31,1000,394.622786596348,1415.23004172497,1469.21857281411,74.4194017351882
32,794.33,429.916314809918,1742.133605791,1794.39614861549,76.137757484169
33,630.96,473.052705712538,2151.03353368031,2202.43595262136,77.5970193814566
34,501.19,523.577517646418,2664.59657854364,2715.54936308867,78.8833442517288
35,398.11,588.121657231366,3301.09075580407,3353.07131772643,79.898185927785
36,316.23,667.99697319605,4092.23304888016,4146.39497425729,80.7290716751742
37,251.19,767.424392894539,5075.96326612769,5133.64814511934,81.4026802162335
38,199.53,890.372302335761,6294.66127444171,6357.32045729353,81.9489912836525
39,158.49,1046.73624284501,7808.05999312406,7877.9094700504,82.3645413658178
40,125.89,1224.64965241568,9709.04918619639,9785.97991368992,82.8109697417285
41,100,1462.0020035294,12031.4792238635,12119.9811127156,83.0716860896256
42,79.433,1800.47865465746,14934.3423763771,15042.4833588318,83.1256199356525
43,63.096,1962.63615444724,18376.0905150522,18480.6018108755,83.9037036251616
44,50.119,2338.8944970926,23234.1353438367,23351.5625311081,84.251611023048
45,39.811,3256.93335836188,28475.6695492773,28661.3218672909,83.4750916509477
46,31.623,4016.16134420984,35861.2183201122,36085.4060715059,83.6099703406423
47,25.119,4649.41867615188,43757.4032036479,44003.7206285192,83.9348256090304
48,19.953,6086.08585436355,54379.4808102689,54718.9946382523,83.614099905058
49,15.849,6968.1901383109,66099.0331570051,66465.3131948877,83.9820805053987
50,12.589,9124.59758171256,82965.8798324441,83466.1338352254,83.7238268248921
51,10,11508.765541835,103377.513478059,104016.162096105,83.6475586104839
52,7.9433,17421.3256491021,125823.641145216,127023.979068568,82.1170435490337
53,6.3096,16155.6763342848,161428.895917056,162235.30538948,84.2849134478449
54,5.0119,21567.3567906808,196685.733240387,197864.672287009,83.7422955094346
55,3.9811,27670.4309996658,242801.563728597,244373.182040828,83.4984422105337
56,3.1623,34290.6825544594,301308.855926752,303253.81707398,83.5073446747248
57,2.5119,46054.3609068589,374963.466306286,377781.160492373,82.9977967408153
58,1.9953,53077.7262419526,462237.831898124,465275.249998207,83.4495446556812
59,1.5849,74375.267329371,569410.544450171,574247.375720042,82.558270215805
60,1.2589,65419.1116260054,714209.259542568,717199.084342889,84.7665072771268
61,1,109690.613485421,888370.611492755,895116.961101072,82.9610917623078
