Index,Frequency (Hz),Z' (Ω),-Z'' (Ω),Z (Ω),-Phase (°)
1,1000000,35.6113145512035,3.48446770871751,35.7813811818081,5.58844264777931
2,794330,36.2772541664385,5.63846190700449,36.7128236796507,8.83461831403379
3,630960,36.9948925280269,7.52573407825483,37.7525992029273,11.4985695046717
4,501190,37.6735518513532,9.46903142144282,38.8453223072852,14.1087109058222
5,398110,38.3149127388993,11.674983782332,40.054185605342,16.9465669446742
6,316230,38.9511543371548,14.3040242601735,41.494548247119,20.1647391657146
7,251190,39.6915866529666,17.521285187825,43.3868353958093,23.8183774231546
8,199530,40.6054667541419,21.4721697436463,45.9331906557957,27.8698848275295
9,158490,41.7231782254315,26.2954832840754,49.3181106934786,32.2206403020038
10,125890,43.1928579087111,32.1975739665467,53.8730613911383,36.702225500405
11,100000,45.1064815546238,39.3729315713482,59.8733865649813,41.1173355922239
12,79433,47.5865040814789,48.0259191487956,67.6089068154726,45.2633177855842
13,63096,50.8352350107702,58.4468343085778,77.4613036250655,48.9842705452459
14,50119,55.0604393627086,70.9352716746739,89.7967969939591,52.181142900741
15,39811,60.4946644947377,85.765404657693,104.953842561522,54.8027538011387
16,31623,67.4082889934653,103.245991952426,123.302928916012,56.8598768626939
17,25119,76.6101550201339,123.502435599839,145.333985878395,58.1881387375708
18,19953,87.5225954764441,147.51319663231,171.523607411971,59.3184775348845
19,15849,100.935987461839,175.225481507174,202.217810625863,60.0565573119815
20,12589,117.281242840782,207.17592789414,238.068803124383,60.4860195976427
21,10000,136.59814013015,243.489702315339,279.188622656133,60.7075002279313
22,7943.3,158.691491705866,284.706476825557,325.945957922865,60.8653030982569
23,6309.6,182.832937124444,331.840038668172,378.874245840021,61.1466826693746
24,5011.9,207.908099895419,386.679799934248,439.029663780608,61.7341872525384
25,3981.1,232.811225978846,452.217679021007,508.627463042372,62.7596323529012
26,3162.3,256.746371849715,532.647040553395,591.296515521851,64.2650169085486
27,2511.9,279.807250316983,633.32993345004,692.386381967311,66.164000499529
28,1995.3,302.303957829088,760.344327198644,818.236627646483,68.3178136714898
29,1584.9,325.665249104131,921.219256166995,977.088927583834,70.5307111778224
30,1258.9,351.051153308999,1124.69288888843,1178.20669093151,72.6652553969335
31,1000,379.630216080002,1380.43461673203,1431.6839148475,74.6233360023224
32,794.33,413.545336282257,1700.23217549117,1749.80261622168,76.329477217318
33,630.96,454.343612412603,2100.64282416123,2149.21576228172,77.7956079156703
34,501.19,504.656735921355,2599.61841330706,2648.1492246314,79.013972794666
35,398.11,567.188339573496,3221.37526752563,3270.92666178469,80.0142668212295
36,316.23,645.018607456172,3995.8248166873,4047.55049006418,80.8302359190927
37,251.19,741.52417910853,4956.32740289396,5011.49073957841,81.4909984188766
38,199.53,862.488141737543,6150.86767422575,6211.04330531298,82.017904104413
39,158.49,1015.18940831173,7634.04110406146,7701.24620520914,82.4251406065277
40,125.89,1193.09907343731,9491.86010742666,9566.55077329309,82.8356618999806
41,100,1449.24769420378,11786.7411197144,11875.5035725784,82.9903369855229
42,79.433,1735.36865731673,14622.1729215101,14724.7901622855,83.231759548012
43,63.096,2281.11583679603,17969.7491868741,18113.9552638303,82.7654535841014
44,50.119,2829.74363205276,22245.0371189677,22424.2976578397,82.7504626309124
45,39.811,3137.2997934319,27949.5796578299,28125.1071650091,83.5954406230995
46,31.623,4136.31368770274,34285.9316461497,34534.5363334667,83.1209835652623
47,25.119,4640.06826050565,43436.6737172087,43683.8054326475,83.9025731796951
48,19.953,5904.78050700092,53363.5235155261,53689.2174912986,83.685793999399
49,15.849,7527.16641887543,66659.6912786912,67083.3263610852,83.5574898816933
50,12.589,7651.9549001272,81380.2102030931,81739.1645815713,84.6284302320304
51,10,11293.1456078398,102170.4770576,102792.71141427,83.6925650195567
52,7.9433,16734.1854403625,124477.046619772,125596.847482464,82.3432959059765
53,6.3096,13311.9881133612,158449.414651155,159007.628844732,85.1976233113731
54,5.0119,21865.6715105655,194794.115269017,196017.486296624,83.5953492695277
55,3.9811,28246.782193001,241644.330568156,243289.669324431,83.3327226612378
56,3.1623,34520.3189695352,299771.272874743,301752.329672369,83.4310090126204
57,2.5119,42459.3520803018,372196.652480858,374610.657479249,83.4919610736505
58,1.9953,53068.4479331287,464744.835553956,467764.922092396,83.4857047058044
59,1.5849,64131.1831661889,573325.61026664,576901.260218688,83.6175274783239
60,1.2589,94164.5753257051,707262.521243344,713503.497680118,82.4162690004267
61,1,106908.467775911,887013.033281226,893432.449429141,83.127497354585
