Index,Frequency (Hz),Z' (Ω),-Z'' (Ω),Z (Ω),-Phase (°)
1,1000000,38.1386278939334,4.57846115702252,38.4124620949801,6.84547737964708
2,794330,38.7385674493077,6.98364340349519,39.3630268553086,10.2193038283518
3,630960,39.4248799148581,9.19601637242065,40.4831801298121,13.1297189508844
4,501190,40.0402832580221,11.5584359468867,41.6751931599715,16.1018519375766
5,398110,40.6126198148625,14.3108349677057,43.060247162545,19.4111371249219
6,316230,41.2461772228197,17.6759368086892,44.8741114403508,23.1974212964576
7,251190,41.925825878442,21.8155212806892,47.2619492227907,27.4895884420878
8,199530,42.8473419994313,26.9706178454188,50.629131370979,32.1887063959294
9,158490,44.0101276468296,33.3063011160043,55.1924001065381,37.1179696424414
10,125890,45.6129206387258,41.1188976695028,61.4109296033673,42.0338626737029
11,100000,47.7823605819926,50.6712042195876,69.6471458126656,46.6807016699359
12,79433,50.6861916039895,62.221369774708,80.2532795339685,50.833372349873
13,63096,54.7146528682892,76.291030133273,93.8829831081936,54.3525409512918
14,50119,60.0425261541456,93.0886677536584,110.772762947948,57.1778381142356
15,39811,67.1289778214626,113.084060145361,131.507810879483,59.3057780194519
16,31623,77.0042390328804,136.284831313016,156.535005909382,60.5324971115766
17,25119,88.9821845005078,163.896491561596,186.493670414528,61.5017144042331
18,19953,104.223270323397,195.837454150552,221.844086071893,61.9784163351666
19,15849,123.423813960525,232.482190177728,263.21361401416,62.036356061072
20,12589,146.613203675356,273.513392114539,310.33048054929,61.8070602087129
21,10000,173.5151563786,319.035683835571,363.168386638375,61.4593881798494
22,7943.3,203.307187267958,370.111995206186,422.275622538541,61.2194525473612
23,6309.6,234.340193574045,428.245478449026,488.169556748837,61.3120818807289
24,5011.9,264.982057654874,496.544198238779,562.82469000889,61.913277302341
25,3981.1,294.535783932939,580.218584318338,650.695730434254,63.0863290545509
26,3162.3,322.205715226655,684.011917779223,756.101069030279,64.7770894628156
27,2511.9,348.753911806553,815.488141763591,886.933030367799,66.8454079658157
28,1995.3,375.438726963184,982.650374774772,1051.92965389742,69.0897705032946
29,1584.9,403.193607502234,1193.69526976973,1259.94979352405,71.3366107970281
30,1258.9,434.052420437608,1459.73785499053,1522.90384101561,73.4401769871807
31,1000,470.076695640464,1794.41747185099,1854.96796820547,75.3203136465902
32,794.33,513.417121383649,2213.7693757528,2272.52546510503,76.9428052317177
33,630.96,566.92291946525,2736.489259029,2794.59747752625,78.2955182097326
34,501.19,632.962522010663,3388.7393841871,3447.34625011919,79.4199767016999
35,398.11,716.991754289167,4199.51201384473,4260.27913758533,80.3111882743017
36,316.23,821.743293844012,5209.98712743509,5274.39360581071,81.0368829436378
37,251.19,953.47854677931,6458.47388188376,6528.47656211946,81.6019613082677
38,199.53,1117.53728601856,8011.68334324882,8089.24963010367,82.0591378904911
39,158.49,1329.88749080131,9934.74371960371,10023.3593925587,82.3755813988336
40,125.89,1589.68454153357,12351.4549969246,12453.3343921476,82.6661080717866
41,100,1898.48124248557,15265.8006651542,15383.3969257863,82.9109945445857
42,79.433,2359.35748191305,18977.5969115175,19123.6960931588,82.9131623628653
43,63.096,2476.56606025522,23477.9650642026,23608.223630903,83.9784401100249
44,50.119,3560.53975053907,29619.8565590765,29833.0914572298,83.1454860944449
45,39.811,4317.72924738483,35992.1486636687,36250.2076032862,83.1593115545858
46,31.623,5776.46951213116,44825.6307410048,45196.2915663829,82.6570287155992
47,25.119,6979.30811821468,55044.4237562107,55485.1270924225,82.7737932473086
48,19.953,8305.06408907216,68511.0794131931,69012.6226996515,83.0882035089566
49,15.849,9936.78830676591,86153.7285368392,86724.8793752569,83.4206979806965
50,12.589,12025.2795790279,104810.199063892,105497.797023286,83.454853249543
51,10,16032.3385475344,129584.91689398,130572.916662386,82.947164963692
52,7.9433,20136.241045077,166010.848315349,167227.599282556,83.0841083188548
53,6.3096,30274.5211408331,193919.067966042,196268.060445721,81.1266476253122
54,5.0119,31859.6749275089,245575.472784882,247633.502822225,82.6080329693178
55,3.9811,41907.4524952596,301837.072239948,304732.428128393,82.0955121692818
56,3.1623,65832.6263794605,365749.693956393,371627.19669746,79.796378085181
57,2.5119,61568.6995459863,467783.429342968,471817.805441519,82.5019452906786
58,1.9953,78511.5931636462,578603.848689844,583906.228755777,82.2726479338473
59,1.5849,93013.2964289052,705166.951792755,711274.843652759,82.4859194094646
60,1.2589,113455.291814998,871293.859014539,878649.584303819,82.580989728569
61,1,151018.072607894,1088512.81225515,1098938.85211954,82.101320081556
