Index,Frequency (Hz),Z' (Ω),-Z'' (Ω),Z (Ω),-Phase (°)
1,1000000,37.5853712485071,5.3070289240887,37.9581965837316,8.03699439077129
2,794330,38.2237212550686,7.84759714161128,39.0209898321686,11.6020050375798
3,630960,38.990679185607,10.2280556098378,40.3098770143604,14.69868345366
4,501190,39.7126481282892,12.7967857901609,41.723520320325,17.8607319878727
5,398110,40.4634973758212,15.7989466793548,43.438477598325,21.3281276423289
6,316230,41.2361337233283,19.4250624486708,45.5823625493784,25.2236690403254
7,251190,42.1783682841238,23.8909987429568,48.4746797003049,29.5284200394986
8,199530,43.3871721208222,29.3831605707767,52.4005422659909,34.1070954400188
9,158490,44.9631407338647,36.1007571602363,57.6623680765512,38.7608656484503
10,125890,47.1220731599836,44.313431344504,64.6851604034412,43.2405878454391
11,100000,49.9646198701585,54.2242428794799,73.7341966432283,47.3411578875803
12,79433,53.8493390266609,66.1776294133673,85.3184033393807,50.8644371269256
13,63096,58.9895286083618,80.3971972724017,99.7169685394327,53.7315279235204
14,50119,65.8298285732886,97.2525634369831,117.437759792381,55.9061031646414
15,39811,74.6723280997429,116.885646698455,138.701878098142,57.4275486244075
16,31623,86.1052075187321,139.586174068048,164.00733749683,58.3312004261584
17,25119,100.575915577109,165.517624197741,193.679112746415,58.71526177485
18,19953,118.493675227958,194.629466255713,227.862634505994,58.6662456007915
19,15849,140.103999969366,226.802415967239,266.586696397237,58.2948848900737
20,12589,165.324151830873,262.124698613116,309.90552237999,57.7600407922233
21,10000,193.208042132294,299.688092871369,356.570190219924,57.1902419811805
22,7943.3,222.299793043658,342.394347183546,408.229208864947,57.0063204931776
23,6309.6,251.256228826373,391.37456328812,465.084660371654,57.3001840411074
24,5011.9,279.210838390487,450.212108490718,529.763753862395,58.1937950656034
25,3981.1,305.741043203732,522.938989744082,605.75801479953,59.6869197622269
26,3162.3,331.086239778505,614.770588610838,698.255665778363,61.6952039448776
27,2511.9,355.634485176921,730.778528902222,812.719598232717,64.0500586743503
28,1995.3,380.780635880718,878.491521459643,957.466054718496,66.5657628198694
29,1584.9,407.067643287864,1064.49384014393,1139.67153246727,69.0729017972544
30,1258.9,437.154754636273,1299.93277654155,1371.46983307258,71.4127082792357
31,1000,471.850312079732,1595.03221659158,1663.36120219717,73.5204688451192
32,794.33,513.766654609853,1963.81546968651,2029.90821821309,75.3390605468239
33,630.96,565.498082303865,2423.05255424881,2488.16634527136,76.8633056947047
34,501.19,629.982886650351,2996.07794903318,3061.59460316927,78.1254496163507
35,398.11,711.185489974974,3707.48429726292,3775.07941844964,79.1411852762046
36,316.23,813.22598195162,4590.0606930287,4661.54412865611,79.9531021285401
37,251.19,940.916911996211,5678.68442004891,5756.10817981965,80.5919787954497
38,199.53,1097.55545376892,7037.16911223993,7122.24522804162,81.1352548639464
39,158.49,1300.97254039209,8713.58352909497,8810.16841322398,81.508240874727
40,125.89,1547.26703155471,10812.4652853123,10922.6114465828,81.8562448418949
41,100,1890.74878654267,13364.2967094732,13497.3833579938,81.9473730231757
42,79.433,2260.57868881009,16555.2537630774,16708.8791715121,82.2244913446906
43,63.096,3033.64159698874,20445.1171674645,20668.9573353455,81.5600459838599
44,50.119,3747.85823926036,25471.6566307427,25745.907109598,81.6296522857538
45,39.811,4132.3861776519,31279.1847571627,31550.9748596453,82.4740675884054
46,31.623,5485.829072641,38562.7764775019,38951.0211710554,81.9035923269388
47,25.119,6144.83883391496,48040.0783412076,48431.479136241,82.7108392090188
48,19.953,7815.80771841855,59107.1026062156,59621.6104176412,82.4674057464139
49,15.849,9433.59110708702,73442.8207566835,74046.2055872821,82.6805444983424
50,12.589,11567.562660915,90262.3522477017,91000.5535104176,82.6970718522203
51,10,14850.6303148048,111181.243284754,112168.66799196,82.3919571188921
52,7.9433,19534.3106337826,141395.951084278,142738.937487165,82.1341925857821
53,6.3096,20252.6834100663,166040.080845879,167270.677743035,83.0457188348039
54,5.0119,28074.6522260351,210402.880484457,212267.657012955,82.3997554231037
55,3.9811,36892.82353836,259686.564525443,262294.094908101,81.9142835842557
56,3.1623,44093.2713435843,320064.651064136,323087.60025508,82.156098850702
57,2.5119,57039.2932580238,396183.817424659,400268.782400714,81.8073201655593
58,1.9953,67344.5819275768,488243.059504408,492865.679337915,82.146604744283
59,1.5849,89503.3359240986,599911.91046152,606551.850590808,81.5143966047515
60,1.2589,90718.0180270032,747207.85548166,752694.717723094,83.0776365445101
61,1,131713.929560939,924394.0060829,933730.602327233,81.8906942931927
