Index,Frequency (Hz),Z' (Ω),-Z'' (Ω),Z (Ω),-Phase (°)
1,1000000,38.025222862575,4.65271635112664,38.3088154762391,6.97596040250713
2,794330,38.6477317610843,7.06792324758059,39.2887096926129,10.3637637270296
3,630960,39.3422816180197,9.29236327167865,40.4247837110406,13.2892991569247
4,501190,40.0046777803904,11.681489663367,41.6753097777114,16.2779677094694
5,398110,40.6084069503432,14.4550615898714,43.1044257659426,19.5938119530119
6,316230,41.2704764677779,17.8402326795159,44.9613848756539,23.3776652610462
7,251190,42.0268048693903,22.0090028674419,47.4410005664813,27.6405857332334
8,199530,43.0050220237086,27.1780064498082,50.8731358758774,32.2917750104037
9,158490,44.2563427081826,33.5197193605315,55.5175238633073,37.1402595459508
10,125890,46.0007319605904,41.3377482149062,61.8455881077143,41.9438915288333
11,100000,48.3593797670508,50.8796185317206,70.1951935205484,46.454750815756
12,79433,51.5306423867618,62.3901389236093,80.9193211767104,50.4452655413539
13,63096,55.8953102793649,76.3099345023304,94.5911825434931,53.7780625031766
14,50119,61.7281553222755,92.9144046567558,111.550220762714,56.4017230418324
15,39811,69.4542639623934,112.544737058319,132.250567568098,58.3201929070586
16,31623,80.1344380031252,135.038712353441,157.025418286824,59.3143324581869
17,25119,93.1606822586716,161.632385547543,186.558143152988,60.0419757542806
18,19953,109.713221631779,191.954502851669,221.096183064872,60.2495084852737
19,15849,130.173241123355,225.931553254062,260.749188800948,60.0510759024423
20,12589,154.737129230811,263.482822200749,305.559776079026,59.5753076685535
21,10000,182.777527663708,304.511481059603,355.154708142762,59.0264715385776
22,7943.3,213.000829738074,349.757330284544,409.51134728708,58.658750669767
23,6309.6,244.100742478859,401.16322590874,469.592489612257,58.6802253175852
24,5011.9,274.417910959656,461.553235262027,536.969811848213,59.2662684281317
25,3981.1,303.38897119754,535.436563634286,615.416266863978,60.4632493394346
26,3162.3,330.917176209604,627.714104584462,709.599305668214,62.202780324363
27,2511.9,357.635804752933,744.716588953865,826.139314343748,64.3482499371585
28,1995.3,383.980541119194,892.686506887017,971.766564323106,66.7255059608556
29,1584.9,410.876738377607,1079.74432945804,1155.27810986646,69.1666030694609
30,1258.9,440.356363420325,1316.69228699818,1388.37758028761,71.5079332894285
31,1000,472.971646492183,1614.4253410689,1682.28159363139,73.6712124293484
32,794.33,511.950869202016,1988.219475554,2053.07339748216,75.5604577166497
33,630.96,559.366751666572,2455.98338500153,2518.87783551993,77.1693672752492
34,501.19,617.120811686393,3038.14727887697,3100.18983037555,78.5180603415945
35,398.11,689.665068303229,3766.2347080884,3828.85907064329,79.6230835334009
36,316.23,781.259521100936,4669.05441617516,4733.96615751693,80.5008621817399
37,251.19,895.998793072397,5795.88129697482,5864.72964814318,81.2120781961627
38,199.53,1038.00365798524,7193.61741285199,7268.12101416027,81.7891735231229
39,158.49,1218.86999630302,8933.74762023493,9016.51210890004,82.230856726252
40,125.89,1433.14176791402,11102.9997569221,11195.1104920475,82.6450997808653
41,100,1790.29755229019,13764.136583424,13880.0800146428,82.5891589742069
42,79.433,2116.15001892345,17094.237777457,17224.7222356364,82.9430757618913
43,63.096,2623.1035185253,20693.2444897694,20858.836007368,82.7756401909069
44,50.119,3555.63357082624,25562.7008121988,25808.8008807844,82.0812744624889
45,39.811,3796.40900731161,32601.5633911198,32821.8624836556,83.357897289766
46,31.623,5181.73139631114,41385.7361124985,41708.8658900824,82.8633777007919
47,25.119,4725.21073618322,50203.2371439628,50425.1190998524,84.6230681156025
48,19.953,7307.38641444689,61945.0841937362,62374.6050246341,83.2721643350466
49,15.849,10027.2719006527,79762.1424711766,80389.9592820018,82.8346692512729
50,12.589,11741.2025820743,96288.8146385895,97002.0188582586,83.047825734025
51,10,14058.5699832794,117741.10855652,118577.451625901,83.1909833306521
52,7.9433,14242.550557944,142526.679936458,143236.534236574,84.2934338343591
53,6.3096,16187.3011652553,172848.819824486,173605.135965882,84.6498516496034
54,5.0119,27955.0188784756,222958.653790592,224704.348824425,82.8534301122684
55,3.9811,34486.1661214063,276490.084874484,278632.48677721,82.8903062437207
56,3.1623,121543.380260196,340605.533561982,361641.981492908,70.361312992195
57,2.5119,4260.07038551898,511598.315947522,511616.052406519,89.5229100552923
58,1.9953,63950.7568530265,511464.937167469,515447.45731626,82.8730380092045
59,1.5849,82213.0755068686,658021.311420497,663137.26789244,82.8783777202177
60,1.2589,116569.928170395,819873.691748466,828119.20553439,81.9079030872108
61,1,133082.511103537,994247.398364638,1003114.57167986,82.3761315096872
