Index,Frequency (Hz),Z' (Ω),-Z'' (Ω),Z (Ω),-Phase (°)
1,1000000,38.1586809838196,4.82973942541557,38.4631163238541,7.21356249445864
2,794330,38.7799893972514,7.29530824107078,39.4602217427014,10.6539920857953
3,630960,39.4507751506116,9.57088728300294,40.5951418690471,13.6366829309053
4,501190,40.1066268395139,12.0234775910389,41.8701030548795,16.6880895201715
5,398110,40.7225257709314,14.8743842369394,43.3540241683777,20.0653190766307
6,316230,41.3743820208449,18.351918899055,45.2618207199435,23.9200408877689
7,251190,42.1380738845713,22.6342990744172,47.8322983484147,28.2422922295433
8,199530,43.1079031794534,27.9352676555808,51.3679909624473,32.9444977638739
9,158490,44.388766856405,34.4705536384373,56.2012605834839,37.8314940587994
10,125890,46.1190371715807,42.5062883982211,62.7196152971811,42.6656704680363
11,100000,48.4483267926405,52.3196115320709,71.3062558256517,47.2000971008764
12,79433,51.5715422169639,64.1827936019157,82.3350166161531,51.2177606342437
13,63096,55.8204085590606,78.5232069917462,96.3421613208312,54.5918220149053
14,50119,61.4575514445327,95.649193289105,113.691683101333,57.2780066193715
15,39811,68.9311296367439,116.05490151267,134.982372175455,59.2916887579158
16,31623,79.1838143561048,139.497965269458,160.404983620525,60.4192743119835
17,25119,91.4830390522272,167.288469941281,190.668766738357,61.3276030511773
18,19953,106.974208590829,199.347601269643,226.236485641893,61.781036722162
19,15849,125.940013499721,235.887049906152,267.401546954646,61.9022570457268
20,12589,148.331584848125,276.913352425089,314.13892438674,61.8237980054792
21,10000,173.467606087232,323.008500558107,366.640834870356,61.7625437218461
22,7943.3,200.216486718675,375.541092399082,425.579315327079,61.9360774256905
23,6309.6,226.998290768736,436.981664123203,492.423799985147,62.5495361657266
24,5011.9,252.575554965693,511.287609158634,570.271365444014,63.7106752702726
25,3981.1,276.3783419902,603.743321269067,663.996224310241,65.4028975782737
26,3162.3,298.568828012029,720.595694020328,780.000961089866,67.4940063024175
27,2511.9,319.968732702478,868.975416082216,926.012021338001,69.7855972285115
28,1995.3,342.119539107557,1057.90672364988,1111.85089602104,72.0791601757886
29,1584.9,365.798855095497,1295.80612486075,1346.44803673065,74.2359222641651
30,1258.9,393.111249564715,1596.12138923633,1643.81870767796,76.1639088571073
31,1000,425.664887811387,1973.39439290126,2018.78082679859,77.8276872097866
32,794.33,465.337768803072,2444.95589049044,2488.84482150225,79.2240268525633
33,630.96,514.656848123529,3033.88813197916,3077.23071424364,80.3722220776953
34,501.19,576.003851225458,3767.96537292638,3811.73759435232,81.3085565872936
35,398.11,653.410272785382,4686.83889253265,4732.16692321162,82.0633303619312
36,316.23,750.327442845726,5828.47388370145,5876.57205218121,82.6643850316583
37,251.19,869.934126571308,7252.77795642751,7304.7637518139,83.1603356756108
38,199.53,1024.98850646663,9027.48448661551,9085.48719631877,83.5223275941577
39,158.49,1219.24165570263,11245.0536110926,11310.9584444178,83.8118952248054
40,125.89,1449.7016417322,13978.1702578198,14053.144794196,84.0789185395712
41,100,1815.09843943715,17380.4515041322,17474.9728707182,84.038022643924
42,79.433,2141.265329873,21612.7023251166,21718.5155801914,84.3419200414542
43,63.096,2640.93502765716,27318.1582229194,27445.5152349663,84.4781901126831
44,50.119,3802.60646944867,33937.5718943675,34149.942928896,83.6068395709038
45,39.811,4016.65952069956,41500.868511296,41694.791532002,84.4718492174944
46,31.623,4276.17015756514,52111.6643386665,52286.8166114777,85.3089428133807
47,25.119,6725.55346998731,64758.5199985772,65106.8274598278,84.0707527925834
48,19.953,7754.30640966198,79707.9223140664,80084.2190916549,84.4435218880415
49,15.849,10382.5161874051,98974.4346232196,99517.5127872863,84.0115180963427
50,12.589,12246.1932288222,125681.670722735,126276.884679087,84.4347716253893
51,10,15366.682370346,152432.690898089,153205.287707388,84.2434817600252
52,7.9433,19062.9994760583,184995.832585671,185975.417792486,84.1166893383501
53,6.3096,21121.7478174485,237252.681829603,238191.022639819,84.912576231754
54,5.0119,29995.7907406016,290598.287673817,292142.280851486,84.1067540054453
55,3.9811,34939.5952325909,361702.148177621,363385.772026538,84.482478584922
56,3.1623,47938.0667094316,449521.546127152,452070.435521262,83.9128453026777
57,2.5119,54815.5722462448,558248.686452835,560933.45673707,84.3919884834118
58,1.9953,77981.5420888515,694144.140308793,698510.707456649,83.5901529301716
59,1.5849,91222.9456757239,852764.283705485,857629.610835286,83.8941055003869
60,1.2589,136175.643625299,1057744.34763531,1066474.05541401,82.6640049841284
61,1,177308.1637996,1297340.24986503,1309400.59144246,82.2175726643654
