Index,Frequency (Hz),Z' (Ω),-Z'' (Ω),Z (Ω),-Phase (°)
1,1000000,37.4116539746415,5.03838978718129,37.7494003232618,7.67012197798445
2,794330,38.0697086734391,7.53891014542333,38.8089923170042,11.2013104222337
3,630960,38.8264648904692,9.8624825599762,40.0594924847616,14.2525183489103
4,501190,39.5063518656384,12.3485130994625,41.3912746058783,17.3576952189276
5,398110,40.227599163771,15.2538938502559,43.0225639877019,20.7662146721121
6,316230,40.9916307632077,18.7597556353371,45.0803973376979,24.5911269731162
7,251190,41.9133119724031,23.0767313599351,47.8462250418422,28.8364061196656
8,199530,43.0564279380993,28.3668589715754,51.5609801565291,33.3780836504437
9,158490,44.5791450441418,34.8661795298081,56.5946167746672,38.0296247369755
10,125890,46.5907987895169,42.778988507133,63.2514378456227,42.5576942263207
11,100000,49.2791742978282,52.3773483510924,71.9153922312005,46.7456564835459
12,79433,52.9211445609571,63.9495473274623,83.0071812858928,50.3907043175857
13,63096,57.7156728996376,77.7025630127673,96.7924955614382,53.3958860575033
14,50119,64.0577715610178,94.0300107423934,113.776276163259,55.7354243349618
15,39811,72.315972633053,113.219375428252,134.343689357662,57.4326378636854
16,31623,83.5084561496246,135.045196363007,158.779303781119,58.268425504468
17,25119,96.7713549978123,160.526232708083,187.438967494921,58.9168193674938
18,19953,113.361500142137,189.617907481998,220.920303621753,59.1272558368535
19,15849,133.278413722098,221.942265767512,258.885119113277,59.014788244646
20,12589,156.598310604548,257.94154888915,301.756314809703,58.7377384981037
21,10000,182.364490616769,297.527283059772,348.968897758587,58.4944651466249
22,7943.3,209.530977597517,342.054437649981,401.128992830256,58.5097736522707
23,6309.6,236.806033065736,393.926051515839,459.624663567122,58.9880985594649
24,5011.9,262.685752299555,455.976232811147,526.23011064536,60.0539587977721
25,3981.1,287.146330478825,533.531661157857,605.895245537805,61.7108964566234
26,3162.3,310.110362104164,631.391388401264,703.43693536212,63.8418557744638
27,2511.9,332.468903464478,755.828346420272,825.719117511079,66.2565753542204
28,1995.3,355.829405083535,914.623050457748,981.402002214556,68.7417319169103
29,1584.9,380.609277415455,1114.21172496997,1177.42566224593,71.1400838137492
30,1258.9,408.952462956174,1365.93489075845,1425.84018836237,73.332624963793
31,1000,443.362569580746,1681.41987259758,1738.89135832901,75.2282797180531
32,794.33,485.496767355694,2076.28438702745,2132.29077916845,76.8390142973491
33,630.96,536.966608040505,2567.30790379491,2622.8616072981,78.186570469545
34,501.19,601.635126881075,3179.78607294339,3236.20214071711,79.2859379742659
35,398.11,682.598708840102,3939.96780106172,3998.66068461845,80.1710815437496
36,316.23,784.876728671193,4883.90815489192,4946.5735964028,80.8702475931005
37,251.19,912.09134948514,6054.88150001743,6123.19366091412,81.4335234079051
38,199.53,1075.810242272,7509.94264107203,7586.60702485434,81.8477580569365
39,158.49,1274.32561897094,9316.21913692031,9402.96999837211,82.2110939439522
40,125.89,1521.8404110197,11568.0314423574,11667.7054165754,82.5054519789617
41,100,1877.04157087633,14315.0687359502,14437.6063796523,82.5297963390915
42,79.433,2235.64556028066,17750.1050674863,17890.3421146161,82.8213333411332
43,63.096,2558.33904582986,21810.3880634527,21959.9209049536,83.3098279833737
44,50.119,3763.0229079645,26922.4793658311,27184.1909316696,82.0431728446137
45,39.811,4126.2028301159,33738.1945703173,33989.5766766791,83.0273163528225
46,31.623,5007.82846317783,42289.2720587163,42584.7493496526,83.246575140657
47,25.119,6716.77770546249,51129.9916802522,51569.2849666083,82.5160972390043
48,19.953,7842.48207575834,63969.937000312,64448.8740392916,83.0106226331729
49,15.849,11534.1521347121,79946.4171992272,80774.168447961,81.7903832979395
50,12.589,14083.6547708636,98619.1663632539,99619.7234782752,81.8726292097403
51,10,14940.2594669867,121310.408725005,122226.947184197,82.9789631250102
52,7.9433,15900.0245363574,142668.839864432,143552.111264584,83.6407945335955
53,6.3096,23929.7285588252,189026.920647991,190535.583654499,82.785060680816
54,5.0119,27082.0839092632,228813.163385575,230410.292754864,83.249935457979
55,3.9811,33510.6108401777,285946.229987996,287903.121697612,83.3158815034074
56,3.1623,42460.6103631031,350396.81532884,352960.09919678,83.090663311588
57,2.5119,58205.5235646103,426771.715128271,430722.625139377,82.23359759454
58,1.9953,68216.5588176809,538043.529348667,542350.752162193,82.7742319307716
59,1.5849,91923.0289068826,677631.577607604,683837.991204339,82.2747883149754
60,1.2589,104263.391311599,790482.996057051,797329.43117831,82.4861549491471
61,1,134075.592859076,1022376.27683204,1031130.21293601,82.5288012391636
