Index,Frequency (Hz),Z' (Ω),-Z'' (Ω),Z (Ω),-Phase (°)
1,1000000,35.8475969107727,3.56146189290195,36.0240782684559,5.67372221729008
2,794330,36.5138436510958,5.69155792209099,36.9547643715555,8.8596267099754
3,630960,37.2597710431054,7.54963296420238,38.0169369633958,11.4542866718197
4,501190,37.9340391106429,9.45988878587246,39.0957902988142,14.0026599397333
5,398110,38.5755843980725,11.6246167487272,40.2890484649067,16.7699958525612
6,316230,39.2216058903886,14.2133705488933,41.717553511455,19.9198198446308
7,251190,39.9394692594611,17.3705382963799,43.5533788061666,23.5052633853172
8,199530,40.8187860387214,21.2514106683129,46.0195148721518,27.502756047926
9,158490,41.9279764798053,26.0089473575736,49.3398475305725,31.812337224654
10,125890,43.3261763309021,31.8147757622708,53.7525581927037,36.2901511433458
11,100000,45.1617394483782,38.9005611854662,59.6056739794744,40.740327128219
12,79433,47.531844229437,47.4784491801134,67.1824333617061,44.9678002188892
13,63096,50.6370888789027,57.8423605030433,76.875571143855,48.8000392002144
14,50119,54.6446694500052,70.2729804641574,89.0187153502913,52.1311603457099
15,39811,59.8377702187741,85.1179050350224,104.046222912251,54.892834404142
16,31623,66.4716821250795,102.673573663417,122.312498353009,57.0806615620026
17,25119,75.3384618497678,123.042102855586,144.274886619306,58.5209381039454
18,19953,86.0082739224091,147.365946616736,170.628676972421,59.7305671180397
19,15849,99.3075573497222,175.612202084218,201.74646581201,60.5121232208965
20,12589,115.684674171902,208.125563786004,238.115925841808,60.9329098625095
21,10000,135.330685838865,245.103613425939,279.982456314801,61.0953021831478
22,7943.3,158.090568209695,286.798269890617,327.48416048584,61.1353181055218
23,6309.6,183.39925991852,334.191872592294,381.20794357595,61.2427103060749
24,5011.9,209.837195648466,388.53950943123,441.581927921279,61.6280012388901
25,3981.1,236.001413478715,452.648029610025,510.477135505391,62.4633862484658
26,3162.3,260.983783195919,531.060113678283,591.724073729677,63.8286868658511
27,2511.9,284.034077839661,628.591637721903,689.784607242094,65.6837939698367
28,1995.3,305.750502738781,752.578345272584,812.316155014929,67.8895355083948
29,1584.9,326.794388826454,909.879587284922,966.786137636569,70.2436281076684
30,1258.9,348.053083686327,1109.74512257377,1163.04565092684,72.5868353820391
31,1000,371.756758227767,1362.57968948739,1412.3832686249,74.7392409970797
32,794.33,398.404008552227,1679.38797363861,1725.99818077323,76.6543358753311
33,630.96,430.401167366135,2079.11572124539,2123.19743481379,78.3043072554093
34,501.19,469.351821082344,2579.57199385021,2621.9234930504,79.687870777658
35,398.11,517.461604085123,3205.53030117779,3247.02802936336,80.829977708944
36,316.23,577.428077254805,3984.69794941477,4026.31853340896,81.7545858492507
37,251.19,650.697605947427,4959.22130076551,5001.7280298265,82.5249434061634
38,199.53,748.360152492902,6171.66049870418,6216.86707507123,83.0862102585371
39,158.49,861.999574376912,7688.05073383292,7736.22436025578,83.6026016588121
40,125.89,996.945150800919,9590.61671760415,9642.29374462807,84.0654148407476
41,100,1206.15739531275,11962.0704478743,12022.7261909342,84.2422225731749
42,79.433,1427.64400507264,14829.0436931594,14897.6073333556,84.5008824069337
43,63.096,1381.76017567933,18430.8335437837,18482.5562707586,85.7125541256924
44,50.119,1636.50045199129,22744.6760430857,22803.4739027693,85.8846076655813
45,39.811,2563.64531809633,28685.8879892496,28800.216093786,84.893068513672
46,31.623,2630.92318679823,35168.0600934253,35266.3324936064,85.7216711399751
47,25.119,4231.02030570718,45161.2952128913,45359.0577297768,84.6477606575402
48,19.953,4605.21424718109,55370.8909244831,55562.0694362031,85.2456344793882
49,15.849,6242.32814581051,70309.4899400098,70586.0541205153,84.9263787139648
50,12.589,5466.25909353247,85605.4788684071,85779.8228068053,86.3463909984015
51,10,8895.05078699048,106673.469998877,107043.687950782,85.2333739210673
52,7.9433,11612.4746559425,133782.980366428,134286.020878419,85.0391125337263
53,6.3096,12779.6392629556,159496.622150385,160007.786238901,85.4189722303148
54,5.0119,17893.5897199741,206236.146326445,207010.938369569,85.0412854666966
55,3.9811,23847.5939256287,256209.423560273,257316.879464074,84.6823151128264
56,3.1623,29602.1707481845,320558.14361779,321922.058816553,84.7239439558165
57,2.5119,41865.8447404746,401337.159429529,403514.887575163,84.0446787359108
58,1.9953,45609.9002105733,496373.664591049,498464.720814589,84.7500494716644
59,1.5849,59132.2482659135,628162.62898417,630939.704914254,84.6222946609877
60,1.2589,61725.8104986271,785981.709815998,788401.752818315,85.5095844337372
61,1,108400.856834247,961732.524006177,967822.397702021,83.5690974368142
