Index,Frequency (Hz),Z' (Ω),-Z'' (Ω),Z (Ω),-Phase (°)
1,1000000,38.1270123367073,4.94400566038622,38.4462255844883,7.38843024344746
2,794330,38.7287648424835,7.4280138084204,39.4346626125097,10.8572401871269
3,630960,39.4304548175856,9.73853298492495,40.615265502273,13.8732722534238
4,501190,40.0864564784389,12.2238519802638,41.9087884605744,16.9584141271686
5,398110,40.706958885656,15.1226599321405,43.4252385732267,20.3800620864003
6,316230,41.3844384000209,18.6511489920284,45.3931393539593,24.2601490255828
7,251190,42.1745731763924,23.0220395657348,48.04902629999,28.6290169447472
8,199530,43.1285199276772,28.3985286573822,51.6386063043553,33.3634195837293
9,158490,44.3892032145388,35.0110488790307,56.5347230083557,38.2638665160497
10,125890,46.085225553721,43.1453713182076,63.1297955051602,43.1129753828025
11,100000,48.3342734222433,53.0913277700135,71.7975700956459,47.6853135665322
12,79433,51.3706087825542,65.1703716766038,82.9826294543437,51.753020017917
13,63096,55.4861552120648,79.7998080343361,97.1942528266679,55.1884580338224
14,50119,60.9277519684596,97.3509964943932,114.845145645698,57.9593421581549
15,39811,68.0366390781557,118.245349376541,136.421944371979,60.0845089915023
16,31623,77.8466509998642,142.492547968147,162.370647896562,61.3512997489546
17,25119,89.5883391909498,171.497527733269,193.487654742147,62.4179502056964
18,19953,104.444667350855,205.3200599028,230.358450108782,63.0379246556238
19,15849,122.672031622217,244.172876491275,273.255962343634,63.3251255452901
20,12589,144.357186395293,288.38299970457,322.496126771426,63.4086200647981
21,10000,169.175185631809,338.754663842194,378.64886862157,63.4623076045178
22,7943.3,195.781532154597,396.325961034114,442.046010865855,63.7110339425943
23,6309.6,222.791011628616,463.787632729683,514.523860608529,64.3416317940865
24,5011.9,249.115906012647,545.645743477862,599.823317322702,65.4608149777885
25,3981.1,273.940080618451,646.918066403042,702.528399716263,67.0495743363975
26,3162.3,297.545132928634,774.661566881197,829.83953227859,68.9883705197157
27,2511.9,320.720704202316,936.380754974678,989.783152206066,71.0931041337016
28,1995.3,344.566746558885,1140.12869181087,1191.05821718527,73.1842687168429
29,1584.9,370.84618663059,1398.09999140561,1446.44753797254,75.1443834451309
30,1258.9,401.103144481046,1721.10972814719,1767.23015729007,76.8814209152961
31,1000,438.061683935205,2121.95917692605,2166.70459164899,78.3356030375866
32,794.33,482.581055666885,2627.40541484253,2671.35615170131,79.5923648914991
33,630.96,538.299972087678,3262.66903513809,3306.7772971276,80.6313058864836
34,501.19,607.163057268717,4050.71943735454,4095.97057341405,81.4753883671904
35,398.11,694.980093046704,5031.30219082721,5079.07462685418,82.1354293086028
36,316.23,804.670944637452,6258.05160560991,6309.57250751749,82.6730141265912
37,251.19,946.605877092635,7781.08701239028,7838.45506339961,83.0637829655972
38,199.53,1128.7245044888,9677.92061572352,9743.51920259204,83.3477140475559
39,158.49,1340.3146001212,12022.4860040848,12096.9670969922,83.6387057880518
40,125.89,1614.79606137319,14898.67439997,14985.9289066827,83.8141316052858
41,100,1891.87944581459,18654.759522885,18750.4469465175,84.2091260319555
42,79.433,2346.77139577851,23092.8749573427,23211.8118590408,84.1973411620403
43,63.096,3787.72351631674,29303.7160419945,29547.4977503325,82.6349299385293
44,50.119,4498.03611659009,36673.3037260349,36948.1195067916,83.0075100960527
45,39.811,4425.49121954813,44165.1236790248,44386.2943048624,84.2778740865244
46,31.623,5613.53090816839,56097.1774184019,56377.3451269978,84.2855508087889
47,25.119,5321.59287458135,69702.3479081085,69905.1976223928,85.634086052808
48,19.953,8653.2607899146,84579.7421228257,85021.2426388956,84.1584563296386
49,15.849,10006.7267294413,109552.535299584,110008.602256389,84.7809823666018
50,12.589,13018.8951408402,132191.275236025,132830.812988609,84.3753473065066
51,10,17310.4446696125,161117.557464892,162044.804971071,83.8676741912016
52,7.9433,27872.4370310645,204492.955099555,206383.723756015,82.2384005480149
53,6.3096,25919.6729856083,245321.946367764,246687.427359703,83.9687478789299
54,5.0119,36756.9294415032,307981.690475919,310167.363741532,83.1940686899598
55,3.9811,39163.3211087079,386832.609365759,388810.022233205,84.2190153527168
56,3.1623,55418.3516981257,473561.149043152,476792.780553573,83.3253374203156
57,2.5119,65236.473818341,587133.192525043,590746.293497386,83.6598610377497
58,1.9953,76246.3708652097,715328.222029281,719380.27099837,83.9158519137068
59,1.5849,81836.0009067755,898961.679703973,902678.920004562,84.7984779152638
60,1.2589,98261.3564241511,1131048.45656717,1135308.72685331,85.0348185921094
61,1,171761.72659418,1375139.01083155,1385824.44408857,82.8803435468114
