Index,Frequency (Hz),Z' (Ω),-Z'' (Ω),Z (Ω),-Phase (°)
1,1000000,35.5335579713743,2.87407307995426,35.6496008136688,4.62420788224106
2,794330,36.1204010762343,4.89331936423625,36.4503490834922,7.71503119540396
3,630960,36.7782867271833,6.62976302048578,37.3710600905929,10.2185670045138
4,501190,37.3326060906208,8.39045005376472,38.2638619277012,12.666671353976
5,398110,37.830163705038,10.3867712255209,39.2301708184056,15.3529820325229
6,316230,38.3120414910582,12.7995588235196,40.3935790601589,18.4738088954902
7,251190,38.8341403252004,15.7736172788013,41.915360631342,22.1059628553649
8,199530,39.4420660679249,19.4505700882796,43.9772810945109,26.2498780255802
9,158490,40.1953057319363,23.9931251339372,46.8116722258092,30.8335522580252
10,125890,41.2361605081732,29.6312948138424,50.7782883307489,35.7000985549754
11,100000,42.5726059169666,36.5313892099016,56.0978535433099,40.6327664256418
12,79433,44.3876779470859,44.9904684723329,63.2013307367353,45.3864124596315
13,63096,46.8216397070137,55.2985332730415,72.4582205619423,49.7451864938278
14,50119,50.0850614074721,67.8090533626454,84.3005402955897,53.5497171054442
15,39811,54.3811020974644,82.8585624821396,99.1102701133514,56.7226130221603
16,31623,60.0616375890804,100.926612134421,117.44607846503,59.243034784252
17,25119,67.8805885462029,122.124179441836,139.721471169325,60.933271765385
18,19953,77.379637270441,147.633027034719,166.682689369769,62.3393930349511
19,15849,89.4917845064,177.60789024391,198.880220663174,63.2577079972493
20,12589,104.890888132295,212.695864604238,237.153176729569,63.7498059893521
21,10000,124.046862288235,253.148435667262,281.907350958321,63.8943924394499
22,7943.3,147.250504792302,299.257214875532,333.523000431227,63.8003545726903
23,6309.6,174.077759746541,351.192521246111,391.968434210683,63.6334817052824
24,5011.9,203.76760708767,410.636102295172,458.413837276326,63.6082760030118
25,3981.1,234.437225135938,479.178338843999,533.453552754814,63.9298831464571
26,3162.3,264.631009076666,560.826189149567,620.12545940395,64.7392862864028
27,2511.9,293.360454278604,661.092082555133,723.258665866944,66.0706842167886
28,1995.3,320.458464809878,786.602938259268,849.374952624821,67.834241336868
29,1584.9,347.050266143973,945.024844999907,1006.73524071511,69.8347805534796
30,1258.9,374.089510402149,1145.9205283572,1205.43636045349,71.9205588264894
31,1000,403.866811795252,1400.29735418869,1457.3747225122,73.9116434037394
32,794.33,438.004572912817,1719.59847047542,1774.50469302111,75.7098738628585
33,630.96,478.220813687415,2119.91593969921,2173.18631001455,77.2877284570241
34,501.19,527.147027114021,2619.04295737076,2671.56695606689,78.6198601055563
35,398.11,587.966301926319,3243.07843402275,3295.94631349244,79.7239610222726
36,316.23,662.512336101585,4019.3870156741,4073.62180095997,80.6401420593908
37,251.19,753.606193013907,4985.54108861153,5042.17633967543,81.4043369956389
38,199.53,869.561615504465,6187.48031010184,6248.28376364716,82.0002908696933
39,158.49,1013.8201747576,7674.0580492118,7740.73628858508,82.4742324773868
40,125.89,1194.97704758693,9550.55317237235,9625.02135283715,82.8681441301413
41,100,1392.25921962588,11820.7627023867,11902.4710291927,83.2826035294372
42,79.433,1693.65108968583,14670.2448688269,14767.6856184352,83.4144688710859
43,63.096,1781.00701649363,18418.3938489999,18504.302688015,84.4768306549785
44,50.119,1988.7701823923,22827.3454435307,22913.8147595868,85.0208339276708
45,39.811,2998.93528910933,28090.6370902436,28250.2655740443,83.9062270570634
46,31.623,3271.73283612347,34841.5381653037,34994.8141511751,84.6354723608567
47,25.119,3959.93263249831,43926.9281479181,44105.0573400181,84.8488136731172
48,19.953,5473.22394070969,53823.2677604081,54100.8348615227,84.1936194333332
49,15.849,8344.02198723517,66660.7281711203,67180.9153199587,82.8653099435556
50,12.589,7731.73068220215,83419.0456288844,83776.5888120064,84.7046444770743
51,10,10185.0301883591,103046.085661243,103548.204282073,84.3552441798665
52,7.9433,14317.6357777491,123949.866263051,124774.051953491,83.4108806478556
53,6.3096,16283.8815657371,165952.952018552,166749.953770664,84.3958785405258
54,5.0119,20198.0384958253,198313.570673566,199339.492003913,84.1845352959662
55,3.9811,23784.4487242237,247736.355404226,248875.47446481,84.5160065445592
56,3.1623,32578.5567598413,307483.978525339,309205.044283442,83.9519589966242
57,2.5119,40429.75695117,381389.269380235,383526.192124502,83.9488714052519
58,1.9953,53638.3062765316,474002.039729876,477027.254534055,83.543845313799
59,1.5849,63705.9877613728,592620.033461014,596034.358855247,83.8643302988189
60,1.2589,92837.7907341537,711111.190335891,717145.717695731,82.5619248322208
61,1,113210.63124469,913778.553511094,920764.840707794,82.9374511149851
