Index,Frequency (Hz),Z' (Ω),-Z'' (Ω),Z (Ω),-Phase (°)
1,1000000,35.4195387371239,2.68927222357118,35.5214851807056,4.34192218257362
2,794330,35.9930937400163,4.68617775795783,36.2968739557111,7.41798794693013
3,630960,36.6373017423726,6.38774475238408,37.189987388856,9.89015326232442
4,501190,37.1677266432776,8.11412846249314,38.0431200683547,12.315088068424
5,398110,37.6372495022875,10.0749853628944,38.9623905857941,14.9859586674306
6,316230,38.0916477564742,12.4385008767526,40.0710610399111,18.0840051310891
7,251190,38.5874412481991,15.3612008824803,41.532603032258,21.7069125926442
8,199530,39.1392294048438,18.9575356105218,43.4887046809766,25.8437607480834
9,158490,39.867780533513,23.4362480472796,46.2460554772185,30.4491128659123
10,125890,40.8254670864856,28.9692219948388,50.0593106805914,35.3590175366562
11,100000,42.1072746614009,35.792391948172,55.2640742325629,40.3654912177292
12,79433,43.8101533550434,44.1268246432988,62.181236640106,45.2063278758632
13,63096,46.1270037274037,54.3030989162877,71.2497510506531,49.6542311528631
14,50119,49.229549787619,66.6654959921688,82.8724135534469,53.5557556509831
15,39811,53.381615751772,81.6059898037646,97.5147910428052,56.8097580638367
16,31623,58.8276276194706,99.5049277243741,115.593773243925,59.4082864479811
17,25119,66.3161238059427,120.592224168432,137.623809010413,61.1927080317544
18,19953,75.3930078534406,145.940476054587,164.264202382103,62.6790747472596
19,15849,87.0659806475778,175.953203708866,196.316109582322,63.672660596806
20,12589,101.867671736617,211.110520452503,234.402803717801,64.2411837470954
21,10000,120.374970462378,251.796905816504,279.091051975128,64.4492276849408
22,7943.3,143.048608669745,298.552807605091,331.053897985256,64.3990524847958
23,6309.6,169.523187838771,351.483747991379,390.229338104001,64.2516460005578
24,5011.9,198.744152346517,411.548567964961,457.024574706815,64.2232737010142
25,3981.1,229.077582205534,481.026527052051,532.788005117318,64.5349721935473
26,3162.3,258.871909612542,563.893781963934,620.476319390219,65.3411287504531
27,2511.9,286.819893061763,665.150738429336,724.355683272418,66.6737937418084
28,1995.3,312.930423176425,792.561017718046,852.102350985867,68.4541838024567
29,1584.9,337.769736049574,953.805338313307,1011.84634109432,70.4994901864534
30,1258.9,362.742251115033,1158.55713752934,1214.01671391467,72.6147513086362
31,1000,389.191986777623,1417.30586981798,1469.77084308827,74.645065610446
32,794.33,419.365586043228,1744.36319732442,1794.0653441102,76.4819566311351
33,630.96,455.064682285691,2153.33912789972,2200.89828588413,78.0672677920833
34,501.19,498.460316086265,2666.60494218834,2712.79276842447,79.4120665267292
35,398.11,551.032566674243,3307.89695324194,3353.47866294135,80.542457174096
36,316.23,618.070146611011,4109.97384638776,4156.18764303576,81.4477748809274
37,251.19,700.795365783207,5107.21302608496,5155.06925642276,82.1868498683862
38,199.53,799.276493922084,6348.5625907996,6398.67876073151,82.8242833659377
39,158.49,927.834168192951,7899.88954382637,7954.18952806152,83.3013561689672
40,125.89,1109.79365577555,9838.378625485,9900.77451196621,83.5640987708624
41,100,1289.03044729391,12213.7396438709,12281.5730092816,83.9753418603291
42,79.433,1520.18761068265,15210.2257408315,15286.0046270674,84.292520982891
43,63.096,2211.83978895771,19058.6462180397,19186.5638121164,83.380186504174
44,50.119,2694.77249585283,23828.0048809197,23979.9002376895,83.5476828622998
45,39.811,2657.53507869123,29308.7883011673,29429.0258822326,84.8189500581362
46,31.623,3490.43757069588,36908.91387384,37073.5900309299,84.5976644160208
47,25.119,3714.73012288728,45197.4332737505,45349.8312501934,85.3014799093119
48,19.953,5023.58237918792,56606.1350081128,56828.6098763394,84.9285006098435
49,15.849,5622.02276142674,70058.149241041,70283.3651372071,85.4119629513832
50,12.589,7771.09088028586,86770.6176535954,87117.9082706656,84.8823001016197
51,10,9428.17390442321,108889.363077693,109296.76964411,85.0513928835466
52,7.9433,8140.78900691262,131215.802857034,131468.092574096,86.4498500242798
53,6.3096,18313.749019946,168486.474407183,169478.864349889,83.7965514927486
54,5.0119,19211.6925896771,209489.930226024,210369.009120318,84.7602323879994
55,3.9811,22844.2814958381,259904.719195,260906.734786385,84.9769058806137
56,3.1623,30743.8436612978,325694.965598504,327142.773937131,84.6075664805225
57,2.5119,39661.1977189757,406141.836648607,408073.770390609,84.4225473527057
58,1.9953,45920.4532376269,506368.45390423,508446.358168598,84.8182573138994
59,1.5849,68058.2679816954,630514.535239931,634177.031269262,83.8392981684589
60,1.2589,97582.820158075,768496.579486637,774667.283078783,82.7633749186551
61,1,117219.918941399,972190.187574924,979231.469170386,83.1248625234115
