Index,Frequency (Hz),Z' (Ω),-Z'' (Ω),Z (Ω),-Phase (°)
1,1000000,37.7676766988101,5.66799744711052,38.1906218630477,8.53498801928698
2,794330,38.4624361382248,8.27663950695416,39.3428742622485,12.1441538193727
3,630960,39.2420420931312,10.7267583158809,40.6817061049116,15.2882497531333
4,501190,40.0223935000313,13.3782767358035,42.1991738057878,18.4832243311644
5,398110,40.8236181453948,16.4768952413789,44.0233560201444,21.9795858238445
6,316230,41.6682137439046,20.2071745906895,46.3095016335344,25.8712600130948
7,251190,42.7174171498812,24.8082737519348,49.3986657158662,30.1460117465982
8,199530,44.027071501412,30.4347372001381,53.5224836254066,34.6550685152592
9,158490,45.7306277436829,37.3074976288162,59.018130207212,39.2079052735734
10,125890,47.9555129805687,45.6371316638743,66.200294649913,43.5810177036808
11,100000,50.9534159203732,55.7432314665502,75.5219070752846,47.5703908155785
12,79433,54.9240692902279,67.8688797223812,87.3088668015386,51.0178834528664
13,63096,60.1610131064152,82.3311553164273,101.969439704884,53.8436573222968
14,50119,66.9536551420946,99.4127284787183,119.856925208642,56.0400576677513
15,39811,75.6476348621035,119.416317513378,141.360608192968,57.646632501074
16,31623,86.807120414303,142.735932946434,167.059937473687,58.6934612140082
17,25119,100.710194174917,169.434732914372,197.105737939092,59.2732027795273
18,19953,117.906787085875,199.877777794031,232.062785678345,59.4638823545777
19,15849,138.571148470587,234.04027541283,271.986789575837,59.3709677272208
20,12589,162.508169974242,272.184780006288,317.007034268088,59.1606481762048
21,10000,189.380237953458,313.742232251942,366.468365381979,58.8840926614175
22,7943.3,217.411757504071,361.642621547582,421.963574281971,58.9866212698717
23,6309.6,245.575564325531,417.414517869196,484.295609645366,59.5306195979747
24,5011.9,272.64612001886,484.637870082787,556.066337661002,60.6388951012951
25,3981.1,298.260856127638,567.912831671694,641.470593772898,62.2920953780526
26,3162.3,322.473199425987,672.993813018815,746.263784937763,64.3980203475013
27,2511.9,346.481372704347,806.630316821681,877.896240820596,66.7544590403011
28,1995.3,371.051493103369,975.823509770605,1043.98789875901,69.1809703021175
29,1584.9,398.352846440737,1189.60196068554,1254.52692881991,71.4862444666069
30,1258.9,429.700246987112,1457.49184111685,1519.51464921631,73.5733383168278
31,1000,466.334920961884,1794.2936303263,1853.9034199057,75.4312103469091
32,794.33,511.698596356043,2214.37960107737,2272.73238001756,76.9884848265514
33,630.96,567.282542615518,2738.02976645077,2796.17890792539,78.2947061174657
34,501.19,636.035347186706,3388.54213091674,3447.71790259422,79.3691773247364
35,398.11,723.093651110534,4199.38113225768,4261.18132942476,80.2300163362894
36,316.23,830.134512261852,5206.40850114491,5272.17344073981,80.9407450370638
37,251.19,963.828719812637,6449.83317978088,6521.4502871783,81.5009150414325
38,199.53,1132.74399682667,8005.93179451301,8085.66959878656,81.9467844781982
39,158.49,1343.23250733557,9922.96130773645,10013.462672003,82.2909530613345
40,125.89,1585.00863604193,12314.3721187948,12415.9579999482,82.66566494245
41,100,1903.06327978778,15228.0107098743,15346.464088738,82.8766065077804
42,79.433,2336.3519944943,18911.1384430681,19054.9126960757,82.9571545362278
43,63.096,2787.95196017953,23912.351677826,24074.3273820121,83.3498829672239
44,50.119,2854.02783656097,29395.3187511584,29533.5443076863,84.4544637322452
45,39.811,4348.23749951647,36015.9757250449,36277.5092416668,83.1159528990889
46,31.623,4971.98941547147,44043.8062543,44323.5552287254,83.5592969863942
47,25.119,6427.85526617342,55771.6722164497,56140.8651976613,83.425494617434
48,19.953,8040.47584509125,68448.9899806931,68919.6160841928,83.3003570590154
49,15.849,12026.0511523457,84038.8008561531,84894.9112471354,81.8561957397775
50,12.589,8950.47388883002,104326.536679274,104709.776230907,85.0964373816922
51,10,15388.269818526,130198.723190904,131104.944104139,83.2594456735299
52,7.9433,15184.8325897553,162927.61688437,163633.699109929,84.6754221030019
53,6.3096,30232.2218144113,193592.741278596,195939.114807629,81.1241494832615
54,5.0119,28984.3500090046,246693.024580425,248389.8969807,83.2989507549269
55,3.9811,35024.0722393771,305608.574235943,307608.982773187,83.462177749334
56,3.1623,45387.7372277156,380212.395596338,382911.886020476,83.1925481707032
57,2.5119,65082.3363634175,469087.896361117,473581.212696428,82.1010771101382
58,1.9953,69565.2020129667,579659.999191183,583819.34876589,83.1566417387346
59,1.5849,98674.6190962215,725260.422324116,731942.183948663,82.2522487740468
60,1.2589,105090.103295943,872674.988000954,878979.843052853,83.1333380958487
61,1,138244.63938719,1104190.61386214,1112811.0765357,82.8637023689145
