Index,Frequency (Hz),Z' (Ω),-Z'' (Ω),Z (Ω),-Phase (°)
1,1000000,38.536664867894,9.97904982081261,39.8077376205511,14.5178233415897
2,794330,39.5300821951711,13.4522117938091,41.7563097088629,18.7936015710199
3,630960,40.7808151923818,16.9369877032667,44.1580846529353,22.5539687828574
4,501190,42.1606158491138,20.7874486258462,47.0067606749151,26.2457734908925
5,398110,43.8132659513729,25.2851091202654,50.5859567128018,29.9897086560186
6,316230,45.7937633243322,30.5861330962104,55.0688686753601,33.7393755256778
7,251190,48.3123529037537,36.9091916261989,60.7977949402469,37.3787447052926
8,199530,51.5429023342644,44.3877631927759,68.0216458364355,40.7344027856019
9,158490,55.6701054959661,53.1077911657837,76.9389246639208,43.6506205995913
10,125890,61.0563190852386,63.2691481195571,87.9253046853574,46.0196814986155
11,100000,67.9069355283489,74.8856019627945,101.090084944971,47.797977007319
12,79433,76.5802976455475,87.9985347541362,116.65455030283,48.9687373075108
13,63096,87.3823809509227,102.557522967001,134.735763692418,49.5679114566982
14,50119,101.285638332195,117.64093080695,155.235850026615,49.272444960542
15,39811,117.100908221722,134.700529917756,178.484888622193,48.9981771576818
16,31623,135.602133686343,152.521497564522,204.085143701381,48.3606967756466
17,25119,156.611740836587,170.844238158013,231.764947909856,47.4887287569921
18,19953,179.749964042942,189.497971712829,261.188688225036,46.5122359441395
19,15849,204.219000355075,208.619279596675,291.937328763318,45.610669830733
20,12589,229.384400456198,229.088137782484,324.18910846186,44.9629757574279
21,10000,253.685893912385,251.479074435678,357.20898315853,44.7497042634344
22,7943.3,276.687135504221,278.039373316435,392.252041508679,45.1396676828018
23,6309.6,298.014926971833,311.221355600547,430.896308733167,46.2418074225788
24,5011.9,317.614202697137,353.738433126737,475.404733701608,48.0800085573009
25,3981.1,336.04524852574,408.849004167768,529.229550635357,50.5821899848516
26,3162.3,354.224288678129,480.26511998308,596.765810148243,53.5890029528187
27,2511.9,373.203366061653,572.136757244042,683.096787746418,56.8836910702123
28,1995.3,393.332097442041,688.076096053115,792.564731008042,60.2459700280851
29,1584.9,417.038344156232,835.426304398745,933.73341515548,63.4719849022381
30,1258.9,444.452096232119,1018.829650346,1111.55365244746,66.4313464086258
31,1000,477.940844642284,1247.26386063989,1335.70003707258,69.0335948237902
32,794.33,519.238652368753,1531.18149796551,1616.82576606932,71.2676986730433
33,630.96,570.125911102758,1882.74261714677,1967.17139998817,73.1528109994751
34,501.19,633.325420990533,2317.4551356744,2402.43613749387,74.7151494235277
35,398.11,712.424878358293,2855.18890620759,2942.7288181949,75.9896787555599
36,316.23,810.096685870827,3517.66621917631,3609.74130236407,77.03124930434
37,251.19,930.403332186913,4333.51366671066,4432.26703393563,77.8825760676024
38,199.53,1080.03949325666,5341.1234980544,5449.22797545331,78.5682534561926
39,158.49,1261.27666152306,6576.85331747147,6696.70205223723,79.1439032093128
40,125.89,1482.97340755642,8104.7036170312,8239.2615474591,79.6309023973744
41,100,1758.50222682303,9995.58344636976,10149.0895411895,80.0221764359371
42,79.433,2109.97716291606,12320.0893673506,12499.4642144186,80.2816297476583
43,63.096,2420.61135282369,15189.2796393125,15380.9484519861,80.9453049854295
44,50.119,3015.39976885691,18825.0170005628,19064.9914984901,80.8996421910753
45,39.811,3669.20145037977,23016.523755633,23307.1535172592,80.9423532711515
46,31.623,4401.66572570218,28561.7906668838,28898.9713875721,81.2390545832977
47,25.119,5391.18126498105,34834.1516258425,35248.8716829925,81.2022975646485
48,19.953,6501.40438639382,43169.8552371649,43656.6679923376,81.4355849672849
49,15.849,7593.77461743943,53382.5978252843,53920.007080086,81.9038862461691
50,12.589,9783.96616263807,65433.3571480826,66160.7906659237,81.4958156627088
51,10,11950.4542912118,81241.7306057177,82115.9676894717,81.6319456110785
52,7.9433,14273.805466849,101362.38042966,102362.462303681,81.9843403315726
53,6.3096,17830.5381954503,123070.002897837,124354.950466851,81.7562755854008
54,5.0119,21138.0667035611,152235.369552789,153695.886759661,82.0949547626631
55,3.9811,24001.4261902256,191009.699245029,192511.74942024,82.8380050163508
56,3.1623,36396.1145545895,229157.619558376,232029.937198484,80.9753392344367
57,2.5119,42930.469468651,282276.036350606,285521.953458237,81.3523344568329
58,1.9953,55269.2476439118,353084.106295878,357383.653590764,81.1035238352254
59,1.5849,54983.6465327224,449523.031283972,452873.224027173,83.0264760241309
60,1.2589,83452.854253463,563738.087410296,569881.575487459,81.5793860534596
61,1,98121.8204508728,670893.068679989,678030.531208917,81.6791701920465
