Index,Frequency (Hz),Z' (Ω),-Z'' (Ω),Z (Ω),-Phase (°)
1,1000000,35.5397152739546,3.09398531591002,35.6741377876023,4.97546137191153
2,794330,36.1430255538714,5.16764298141255,36.5105851797961,8.13686578502415
3,630960,36.815458773574,6.96764131951928,37.4690009243134,10.7169611927653
4,501190,37.3795284356678,8.80253252022197,38.4020015733875,13.2511936702161
5,398110,37.9261455519205,10.9018089880743,39.4619051192148,16.0372113072533
6,316230,38.4404118752693,13.415454056612,40.7141212932984,19.238655546929
7,251190,39.0207371860567,16.5175817099787,42.3727322235554,22.9430695558153
8,199530,39.7156364686687,20.3448056476522,44.6233447530795,27.1243322721923
9,158490,40.5843546769497,25.0688730341961,47.7026020228362,31.7035406361097
10,125890,41.6974342713786,30.8690107917314,51.8803609478189,36.5129014573707
11,100000,43.2017065852668,38.0056472740197,57.5396965285418,41.3389155958022
12,79433,45.1558657281558,46.6911773968389,64.9547400607709,45.9576648730235
13,63096,47.7823363027999,57.2745295361621,74.5890299986705,50.1628215425563
14,50119,51.2500987799153,70.0779650600479,86.8187411329395,53.8208857638146
15,39811,55.8519442390831,85.5659648504686,102.181084433849,56.8660883846181
16,31623,61.7806630287712,104.001067129476,120.967236425176,59.2880474360982
17,25119,69.8854302423103,125.669202192267,143.794025396724,60.9212901778711
18,19953,79.6911043974217,151.726909474602,171.381816943324,62.290321912928
19,15849,92.2061146144815,182.509157218107,204.478752052047,63.1964721411283
20,12589,108.121325062697,218.629804307227,243.904104649204,63.6857331422311
21,10000,127.92190644635,260.195160747124,289.940572919849,63.8195013778172
22,7943.3,152.228924321867,307.77625230692,343.365500428167,63.6825835449566
23,6309.6,180.747769195623,361.416747950906,404.093827926885,63.4299527480138
24,5011.9,212.507161572374,421.879447224382,472.378621139757,63.2649020519
25,3981.1,246.198444551346,491.500985519813,549.715283457218,63.3931887613332
26,3162.3,279.754073609618,573.524739781949,638.116736062554,63.997791382565
27,2511.9,311.579882196685,672.860091584996,741.50032086134,65.1526617852567
28,1995.3,341.363544957568,796.923581390937,866.958052274131,66.8120478795646
29,1584.9,369.548029198503,953.885427530574,1022.9678170596,68.8229629629438
30,1258.9,396.81693420766,1152.46597977786,1218.86894858278,71.0003967280404
31,1000,425.041498833889,1404.75866332037,1467.65363008599,73.1656224840431
32,794.33,456.325094563161,1723.72363865191,1783.10285019554,75.1721126415698
33,630.96,492.464377941189,2125.3927433052,2181.70013449039,76.9544824749575
34,501.19,535.805579740722,2628.89294571181,2682.93975692608,78.4800929941835
35,398.11,587.96815108752,3259.65360234178,3312.25725962719,79.7750775751284
36,316.23,653.26123032606,4046.64762267572,4099.0373524956,80.8297026380189
37,251.19,733.257878887439,5026.28810218242,5079.49202215055,81.6999805351997
38,199.53,832.111395267726,6249.21227497571,6304.36859898289,82.4154183457021
39,158.49,955.92763487421,7780.96789000321,7839.46802712896,82.996047145666
40,125.89,1135.22618147515,9681.80156834756,9748.12905597602,83.3123994314103
41,100,1255.3526241939,12073.9514253646,12139.0367506295,84.0641722103192
42,79.433,1563.08690619892,14988.4773235366,15069.7608857773,84.0463785711895
43,63.096,1433.63325854514,18711.2969332851,18766.1380482392,85.6186380270207
44,50.119,1766.23322991238,22700.5287390606,22769.1366734746,85.5510181713585
45,39.811,2712.47241272627,28975.0573618791,29101.7431731157,84.6518966607445
46,31.623,4036.04932237864,35513.3113786456,35741.9218734711,83.5162163102625
47,25.119,3736.81522779313,44207.1683024706,44364.8229723689,85.1682954915861
48,19.953,4930.93232851224,55747.8422461269,55965.4894441871,84.9453060665551
49,15.849,7081.85726527314,69980.1985519842,70337.6207423939,84.2214533004073
50,12.589,9666.56122913698,87398.9138812561,87931.8631306074,83.6885809444917
51,10,9447.08214021926,107516.066576858,107930.310539363,84.978505251732
52,7.9433,4902.32650931117,136679.912831835,136767.800950816,87.9458410669356
53,6.3096,7772.22145333224,165234.948345443,165417.63987266,87.306940790365
54,5.0119,19245.3790848223,206683.838920502,207577.922446089,84.6802392266869
55,3.9811,24451.0812465131,258331.597317139,259486.164460744,84.5930632900185
56,3.1623,31739.9965014618,321040.545693515,322605.733608537,84.3537438341767
57,2.5119,32647.9370547255,398074.804939578,399411.36453738,85.3114044863733
58,1.9953,53956.6063599555,497579.236006247,500496.165294444,83.8111300825411
59,1.5849,72890.8707383249,606283.815484606,610649.771927873,83.1444812069628
60,1.2589,99614.5247200247,744606.780373819,751240.514691441,82.3801351777884
61,1,119891.408685225,960549.875348738,968003.105836445,82.8853984516486
